20140721 17.04 17.04 11.59 12.17 805657
20140722 12.32 12.51 11.74 12.16 1596115
20140723 12.17 12.17 11.64 11.68 530532
20140724 11.68 11.68 11.20 11.54 610122
20140725 11.35 11.51 11.00 11.30 296691
20140728 11.36 11.65 11.05 11.39 956005
20140729 11.39 11.52 11.07 11.12 493253
20140730 11.00 11.34 10.89 10.97 393534
20140731 11.01 12.15 10.95 11.10 790047
20140801 11.25 11.68 10.96 11.47 11100197
20140804 10.92 11.47 10.54 10.71 7624011
20140805 10.52 10.68 9.82 9.83 6695425
20140806 9.79 10.03 9.75 9.83 4660076
20140807 9.84 9.98 9.34 9.54 5722475
20140808 9.42 9.58 9.25 9.29 7658003
20140811 9.51 9.79 9.11 9.56 5062134
20140812 9.30 9.41 9.11 9.26 4338943
20140813 9.24 9.27 8.98 9.04 7235200
20140814 8.91 9.23 8.87 9.18 3652414
20140815 9.10 9.24 9.02 9.21 2812867
20140818 9.11 9.31 9.08 9.25 2431759
20140819 9.17 9.31 8.99 9.06 4511166
20140820 8.97 9.37 8.97 9.26 3129995
20140821 9.30 9.38 9.14 9.20 4072342
20140822 9.20 9.31 9.01 9.06 2765935
20140825 9.18 9.20 8.88 9.05 1985439
20140826 9.00 9.09 8.91 8.95 2005362
20140827 9.04 9.04 8.86 9.00 1972088
20140828 9.00 9.06 8.86 8.95 2758233
20140829 9.08 9.10 8.97 9.08 2054348
20140902 9.13 9.20 8.96 9.08 3209688
20140903 9.08 9.17 8.48 8.54 8288357
20140904 8.55 8.68 8.34 8.39 4438867
20140905 8.41 8.50 7.81 8.02 5986612
20140908 8.10 8.10 7.94 8.00 3039314
20140909 8.00 8.01 7.13 7.16 5861116
20140910 7.19 7.23 6.68 7.01 4637483
20140911 6.99 7.37 6.92 7.21 4560871
20140912 7.12 7.23 6.96 6.97 4631526
20140915 6.99 7.20 6.89 6.96 3586483
20140916 6.86 7.03 6.72 6.79 3999735
20140917 6.74 6.90 6.74 6.76 3261961
20140918 6.79 6.87 6.44 6.55 6035495
20140919 6.56 6.77 5.94 6.06 9523081
20140922 6.12 6.33 5.97 6.07 6131003
20140923 6.14 6.49 6.11 6.16 5818086
20140924 6.24 6.56 6.10 6.49 3479062
20140925 6.44 6.50 6.24 6.25 1837966
20140926 6.25 6.51 6.12 6.46 1955759
20140929 6.34 6.38 6.01 6.02 2135992
20140930 5.98 6.02 5.76 5.99 3494261
20141001 5.81 6.18 5.77 5.96 3098262
20141002 5.85 5.89 5.47 5.76 5702347
20141003 5.80 5.98 5.69 5.83 2260256
20141006 5.81 5.99 5.77 5.80 2858259
20141007 5.79 6.08 5.68 5.80 4191573
20141008 5.75 5.77 5.55 5.70 3353566
20141009 5.67 5.70 4.79 4.86 6024815
20141010 4.72 5.02 4.63 4.99 3894471
20141013 5.09 5.65 4.95 5.48 3835831
20141014 5.53 5.57 5.10 5.47 2636742
20141015 5.51 5.63 4.88 5.51 3821043
20141016 5.29 5.75 5.29 5.49 1324687
20141017 5.60 5.71 5.00 5.23 1700763
20141020 5.32 5.32 4.97 5.01 1247459
20141021 5.06 5.31 5.06 5.16 1298397
20141022 5.15 5.34 4.90 4.97 1635961
20141023 5.03 5.08 4.88 4.88 1350567
20141024 4.90 4.95 4.82 4.86 1372955
20141027 4.81 4.84 4.65 4.67 1903487
20141028 4.71 5.01 4.70 4.91 1027071
20141029 4.94 5.11 4.94 5.05 865427
20141030 4.92 5.04 4.78 4.79 1066712
20141031 4.80 4.82 4.63 4.74 1692239
20141103 4.76 4.77 4.59 4.64 1382711
20141104 4.60 4.63 4.38 4.46 1539734
20141105 4.53 4.71 4.33 4.43 1710725
20141106 4.42 4.64 4.39 4.54 4658741
20141107 4.56 5.09 4.50 5.06 3238546
20141110 5.11 5.28 4.97 5.03 3229611
20141111 5.03 5.12 4.59 4.74 2418717
20141112 4.74 4.87 4.57 4.64 1447102
20141113 4.52 4.87 4.52 4.83 1143900
20141114 4.75 4.94 4.75 4.77 593300
20141117 5.09 5.14 4.86 4.98 2757700
20141118 5.04 5.11 4.99 4.99 3097300
20141119 5.01 5.08 4.93 5.00 1034400
20141120 4.99 5.00 4.91 4.94 627300
20141121 5.01 5.10 5.00 5.10 1572300
20141124 5.12 5.17 4.92 4.98 1832100
20141125 5.07 5.09 4.95 4.97 1610300
20141126 4.97 5.00 4.71 4.71 1247400
20141128 4.69 4.69 3.59 3.63 2426300
20141201 3.68 3.68 3.06 3.17 6466000
20141202 3.18 3.18 2.92 3.03 5522100
20141203 3.02 3.35 2.98 3.29 3250600
20141204 3.25 3.34 2.97 2.98 1683700
20141205 3.02 3.16 2.92 3.02 2575200
20141208 3.01 3.03 2.64 2.66 2456300
20141209 2.66 2.93 2.66 2.88 3364600
20141210 2.87 2.90 2.65 2.75 2530100
20141211 2.84 3.10 2.80 3.08 3337000
20141212 3.00 3.20 2.76 3.19 2089400
20141215 3.17 3.19 2.86 2.90 1877600
20141216 2.90 3.18 2.86 2.92 2561500
20141217 2.95 3.50 2.92 3.44 2998300
20141218 3.51 3.73 3.09 3.20 2803600
20141219 3.15 3.30 3.05 3.29 3100700
20141222 3.29 3.31 3.06 3.13 1276500
20141223 3.16 3.16 2.89 2.94 1523300
20141224 2.92 2.93 2.77 2.78 896100
20141226 2.78 2.83 2.67 2.68 1720200
20141229 2.74 2.74 2.66 2.68 1703300
20141230 2.65 2.95 2.65 2.86 2116000
20141231 2.84 2.85 2.67 2.77 3120800
