20070103 20.24 21.49 20.06 20.50 8105065
20070104 20.63 21.21 20.60 20.81 9032195
20070105 21.03 21.06 20.28 20.68 5411473
20070108 20.35 20.55 19.74 19.90 6914117
20070109 19.59 20.23 19.59 19.89 5012396
20070110 19.89 19.89 19.02 19.14 5557340
20070111 19.06 19.39 18.82 18.93 4768260
20070112 18.52 18.88 17.99 18.66 6479585
20070116 18.20 18.66 18.09 18.52 5375878
20070117 18.59 19.36 18.27 19.20 6293796
20070118 19.16 19.34 18.76 19.24 3722760
20070119 19.49 19.59 19.11 19.20 4188420
20070122 18.88 19.27 18.84 19.12 3178375
20070123 19.02 19.41 18.98 19.29 4299949
20070124 19.20 19.31 19.14 19.24 4217035
20070125 19.12 19.23 18.68 18.78 3159531
20070126 18.76 18.77 18.27 18.45 5604241
20070129 18.55 18.66 18.40 18.50 3864999
20070130 18.63 19.05 18.57 18.73 2930051
20070131 18.45 18.88 18.34 18.71 3420138
20070201 18.72 18.76 18.44 18.59 3376168
20070202 18.53 18.91 18.48 18.62 3506821
20070205 18.59 19.18 18.59 18.98 3730158
20070206 19.13 19.32 19.06 19.21 3872536
20070207 19.26 19.42 19.20 19.27 2440523
20070208 19.19 19.26 18.91 19.21 2340021
20070209 19.20 19.44 18.58 18.59 3930744
20070212 18.48 18.63 18.31 18.46 3679768
20070213 18.46 18.77 18.38 18.54 3285577
20070214 18.61 18.97 18.61 18.90 2818229
20070215 18.90 19.04 18.68 18.87 2585441
20070216 18.76 18.84 18.65 18.74 3131565
20070220 18.63 18.71 18.45 18.53 2766190
20070221 18.42 18.61 18.10 18.44 2605370
20070222 18.35 18.55 18.28 18.34 3320895
20070223 18.28 18.42 18.18 18.29 1930811
20070226 18.32 18.86 18.29 18.83 4154752
20070227 18.84 19.05 18.37 18.53 4746964
20070228 18.28 18.68 18.26 18.59 3921826
20070301 18.37 18.88 18.28 18.78 3239240
20070302 18.46 18.60 18.26 18.29 3283804
20070305 18.06 18.26 17.75 17.83 3552991
20070306 17.90 18.20 17.88 18.16 2255220
20070307 18.07 18.35 18.06 18.08 4005142
20070308 18.12 18.17 17.78 17.90 4034483
20070309 17.97 18.18 17.86 18.05 2546827
20070312 17.94 18.03 17.62 17.77 5272190
20070313 17.63 17.90 17.29 17.36 4806614
20070314 17.52 17.59 17.34 17.57 2671110
20070315 17.64 17.64 17.41 17.46 3115926
20070316 17.46 17.57 17.27 17.33 5057532
20070319 17.33 17.71 17.02 17.22 4895051
20070320 17.25 17.44 17.12 17.41 2847292
20070321 17.39 18.24 17.36 17.99 6919005
20070322 18.06 18.37 18.03 18.22 2949293
20070323 18.39 18.63 18.32 18.48 3345392
20070326 18.10 18.46 18.07 18.44 2672079
20070327 18.45 18.59 18.35 18.47 2615058
20070328 18.47 18.79 18.42 18.61 3389680
20070329 18.86 18.93 18.57 18.76 3021537
20070330 18.89 19.23 18.63 18.98 3912830
20070402 18.98 19.08 18.79 19.02 2120003
20070403 19.15 19.22 18.83 18.93 2173425
20070404 18.95 19.05 18.74 18.76 1803068
20070405 18.77 18.88 18.46 18.69 1818984
20070409 18.69 18.99 18.62 18.81 2060768
20070410 18.87 19.15 18.83 18.97 2210378
20070411 18.97 19.23 18.79 18.82 2922720
20070412 18.83 18.92 18.58 18.63 3285604
20070413 19.21 19.40 18.42 18.58 3742460
20070416 19.16 19.16 18.71 18.88 2595129
20070417 18.84 19.23 18.83 19.15 2511674
20070418 19.15 19.33 18.72 18.76 2608692
20070419 18.81 18.94 18.69 18.89 3161321
20070420 19.51 19.52 19.05 19.52 5257381
20070423 19.75 19.75 19.18 19.30 2417285
20070424 19.28 19.54 19.21 19.23 3193430
20070425 19.29 19.62 19.26 19.60 2091493
20070426 19.44 19.51 19.07 19.22 2276810
20070427 19.11 19.39 18.88 19.09 1776911
20070430 19.08 19.26 18.80 18.86 1976345
20070501 18.84 19.09 18.69 19.09 2413133
20070502 19.05 19.33 18.79 19.24 1962366
20070503 19.31 19.44 19.05 19.13 2128999
20070504 19.15 19.50 19.02 19.25 1989216
20070507 19.15 19.34 19.03 19.17 1705635
20070508 19.00 19.31 18.34 18.89 4229627
20070509 18.98 19.13 18.60 19.04 3064862
20070510 19.02 19.16 18.87 18.88 2690486
20070511 18.88 19.07 18.77 19.07 2130843
20070514 19.04 19.30 18.90 18.96 1759211
20070515 18.96 19.19 18.84 18.86 2527177
20070516 18.98 19.20 18.92 19.18 2520178
20070517 19.13 19.31 19.10 19.24 2002391
20070518 19.38 19.67 19.23 19.53 4431445
20070521 19.38 19.73 19.31 19.56 3278536
20070522 19.52 19.65 19.20 19.32 3397931
20070523 19.49 19.53 19.09 19.13 3448159
20070524 19.03 19.22 18.95 18.95 3450629
20070525 19.00 19.27 18.91 19.00 2226084
20070529 18.95 19.54 18.95 19.24 2981561
20070530 19.17 19.52 19.05 19.50 3003518
20070531 19.40 19.55 19.32 19.40 4177561
20070601 19.58 19.59 19.17 19.46 2296897
20070604 19.30 19.46 18.95 19.06 3377071
20070605 18.98 19.19 18.81 19.02 4201165
20070606 18.85 18.87 18.43 18.49 5188157
20070607 18.36 18.60 18.25 18.54 8277858
20070608 18.26 18.61 18.14 18.60 4879105
20070611 18.62 19.04 18.59 18.84 3871527
20070612 18.83 18.95 18.61 18.73 7554632
20070613 18.72 19.20 18.71 19.18 3883741
20070614 19.31 19.31 19.11 19.15 2376767
20070615 19.25 19.37 19.01 19.33 5193646
20070618 19.03 19.48 19.03 19.30 2288937
20070619 19.31 19.48 19.24 19.40 1929794
20070620 19.45 19.72 18.91 18.92 3585256
20070621 18.84 19.19 18.63 19.18 2600185
20070622 19.10 19.24 18.81 19.24 6446736
20070625 19.13 19.33 18.76 19.06 4759848
20070626 19.09 19.26 18.85 18.87 4554133
20070627 18.69 19.07 18.65 18.97 4611085
20070628 18.92 19.13 18.79 18.81 2984031
20070629 18.81 18.97 18.69 18.92 2764867
20070702 19.09 19.25 19.05 19.19 2816193
20070703 19.50 19.51 19.19 19.27 1489408
20070705 18.72 19.38 18.71 19.24 3879624
20070706 19.20 19.41 19.09 19.33 2063323
20070709 19.38 19.48 19.13 19.24 2673880
20070710 19.21 19.24 18.87 18.97 3495642
20070711 18.93 19.22 18.91 19.17 2764044
20070712 19.31 19.31 18.95 19.22 2726853
20070713 19.24 19.62 19.14 19.47 2607733
20070716 19.38 19.44 19.03 19.11 2958094
20070717 19.14 19.30 19.00 19.11 2458559
20070718 19.00 19.25 19.00 19.22 2833622
20070719 19.27 20.01 19.24 19.94 5442727
20070720 19.38 20.21 19.38 19.70 4434190
20070723 19.75 20.02 19.39 19.98 3192353
20070724 19.81 20.02 19.30 19.41 5293691
20070725 19.53 19.65 19.13 19.43 2987599
20070726 18.95 19.54 18.45 18.82 4038130
20070727 18.71 19.12 18.23 18.32 3819378
20070730 18.27 18.68 17.98 18.57 3414536
20070731 18.68 18.95 18.49 18.56 3419888
20070801 18.54 18.74 18.21 18.66 4146546
20070802 18.66 18.79 18.40 18.48 3312159
20070803 18.48 18.57 18.06 18.06 3632602
20070806 17.97 18.03 16.07 17.81 7803438
20070807 17.56 17.77 17.43 17.62 6959308
20070808 17.73 18.10 17.44 17.82 3282379
20070809 17.85 18.22 17.37 17.40 4465342
20070810 17.10 17.54 16.53 17.40 4593931
20070813 17.63 17.75 17.32 17.51 3109738
20070814 17.50 17.53 16.87 16.93 2869165
20070815 17.07 17.35 16.62 16.70 3758074
20070816 16.20 16.54 15.63 16.27 7712983
20070817 16.57 16.96 16.18 16.46 5776038
20070820 16.55 16.66 16.27 16.32 4503545
20070821 16.22 16.43 16.04 16.13 4124013
20070822 16.13 16.64 16.10 16.62 4062162
20070823 16.60 17.07 16.60 16.94 3444471
20070824 16.88 17.10 16.80 17.05 2897059
20070827 17.03 17.03 16.63 16.65 2535878
20070828 16.53 16.68 16.32 16.42 3318459
20070829 16.52 17.11 16.48 17.05 3999632
20070830 17.05 17.16 16.79 16.94 3043733
20070831 17.12 17.42 17.00 17.10 2669231
20070904 17.13 17.46 17.03 17.34 2927780
20070905 17.18 17.28 16.94 17.15 2591475
20070906 17.04 17.45 16.93 17.44 3271561
20070907 17.18 17.48 17.15 17.35 3487427
20070910 17.29 17.56 17.16 17.46 2338363
20070911 17.60 17.99 17.49 17.77 3827945
20070912 17.81 17.84 17.60 17.73 2922071
20070913 17.80 17.86 17.68 17.77 1764987
20070914 17.70 17.80 17.61 17.69 2355355
20070917 17.68 17.91 17.57 17.66 3324984
20070918 17.82 18.35 17.73 18.27 3573746
20070919 18.32 18.60 18.23 18.57 4507079
20070920 18.48 18.96 18.48 18.86 3941587
20070921 18.98 19.41 18.74 18.92 5268998
20070924 18.83 18.94 18.71 18.79 3604059
20070925 18.68 18.83 18.49 18.50 3440257
20070926 18.61 18.68 18.03 18.37 3663599
20070927 18.63 18.63 18.26 18.34 2032372
20070928 17.84 18.29 17.84 18.01 2595825
20071001 18.24 18.52 18.06 18.44 2502030
20071002 18.41 18.50 18.08 18.24 2123177
20071003 18.11 18.34 18.10 18.19 2026391
20071004 18.19 18.53 18.07 18.44 2637694
20071005 18.63 18.63 18.23 18.32 2181630
20071008 18.10 18.32 18.06 18.13 1438062
20071009 18.17 18.64 18.17 18.62 1872512
20071010 18.52 18.83 18.46 18.71 2033188
20071011 18.85 19.09 18.69 18.81 3228062
20071012 18.83 19.20 18.83 19.05 2755686
20071015 19.13 19.16 18.81 18.95 2718439
20071016 18.93 19.06 18.83 18.96 2898418
20071017 19.05 19.24 18.97 19.07 2837655
20071018 18.86 19.05 18.81 19.01 1826022
20071019 18.87 19.02 18.34 18.37 3795864
20071022 18.24 18.59 18.08 18.55 2342849
20071023 18.52 18.77 18.20 18.55 1557550
20071024 18.55 18.83 18.38 18.77 2223362
20071025 18.77 19.10 18.71 19.06 2249190
20071026 19.13 19.29 18.94 19.08 2141257
20071029 19.12 19.16 18.94 19.00 1600097
20071030 18.94 18.95 18.40 18.40 2861851
20071031 18.49 19.24 18.44 19.11 3520595
20071101 18.99 19.02 18.33 18.38 4089349
20071102 18.71 18.72 18.22 18.60 4967901
20071105 18.37 19.21 18.32 19.04 3157783
20071106 19.02 19.38 18.52 18.68 2529353
20071107 18.41 18.77 18.27 18.28 3055016
20071108 18.39 18.88 18.01 18.58 3652181
20071109 18.38 18.55 18.18 18.22 2506788
20071112 18.16 18.35 17.76 17.77 3209031
20071113 17.93 18.16 17.69 18.14 3674066
20071114 18.38 18.53 18.04 18.08 3115196
20071115 18.04 18.39 18.02 18.27 2489543
20071116 18.36 18.60 18.27 18.53 2924833
20071119 18.45 18.48 18.18 18.36 3213678
20071120 18.35 18.71 18.31 18.62 2624266
20071121 18.50 18.63 18.14 18.19 2827697
20071123 18.27 18.30 18.01 18.17 1338202
20071126 18.13 18.53 17.96 17.99 3571367
20071127 18.04 18.22 17.80 18.18 4102041
20071128 18.27 18.47 17.90 18.41 3730071
20071129 18.35 18.41 18.17 18.28 4201331
20071130 18.47 18.63 18.17 18.29 3792582
20071203 18.20 18.78 18.20 18.71 4018378
20071204 18.56 18.80 18.43 18.71 3469517
20071205 18.84 19.05 18.78 18.96 4895693
20071206 18.88 18.96 18.42 18.45 4677442
20071207 18.52 18.52 18.19 18.31 3428426
20071210 18.33 18.36 18.07 18.21 2513524
20071211 18.20 18.49 18.01 18.07 3963411
20071212 18.45 18.73 18.24 18.55 4398970
20071213 18.50 18.56 18.21 18.50 3241431
20071214 18.47 18.59 18.28 18.30 3944684
20071217 18.23 18.42 18.22 18.27 4382938
20071218 18.24 18.54 18.19 18.48 2943694
20071219 18.45 18.77 18.39 18.60 3767254
20071220 18.70 18.75 18.47 18.74 3293030
20071221 18.92 19.25 18.90 19.11 5811000
20071224 19.11 19.17 18.99 19.11 801197
20071226 19.15 19.19 18.99 19.12 1410548
20071227 19.19 19.25 19.04 19.07 2683275
20071228 19.09 19.43 19.09 19.28 3567730
20071231 19.19 19.37 19.13 19.17 2130237
20080102 19.12 19.36 18.85 18.98 2801022
20080103 19.00 19.49 19.00 19.26 4368118
20080104 19.14 19.36 18.79 18.91 3674026
20080107 19.05 19.06 18.67 18.91 2627499
20080108 18.96 19.24 18.65 18.74 4861743
20080109 18.75 19.00 18.59 18.93 3241701
20080110 18.76 19.34 18.70 19.28 3418726
20080111 19.07 19.12 18.62 18.73 6294385
20080114 18.85 19.20 18.83 19.08 3215430
20080115 18.94 19.14 18.78 18.89 4024844
20080116 18.77 19.18 18.74 18.76 4377549
20080117 18.78 18.93 18.09 18.13 4772421
20080118 18.29 18.59 17.66 17.91 5940199
20080122 16.72 17.09 16.21 16.92 9054047
20080123 16.50 17.18 15.89 17.06 5810730
20080124 17.14 17.27 16.57 16.71 6973253
20080125 16.89 17.09 16.54 16.64 5981828
20080128 16.63 16.85 16.26 16.80 4082910
20080129 16.88 17.07 16.66 16.73 2846963
20080130 16.75 17.07 16.65 16.71 8423948
20080131 16.50 17.07 16.49 16.95 8716162
20080201 16.88 17.05 16.75 17.03 6303816
20080204 17.04 17.41 16.98 17.31 2514871
20080205 17.26 17.26 16.79 16.83 3674700
20080206 17.36 17.38 16.86 17.26 4287689
20080207 16.97 17.44 16.97 17.11 4187724
20080208 17.01 17.27 17.01 17.18 2971986
20080211 17.14 17.38 17.09 17.33 3152649
20080212 17.41 17.71 17.15 17.34 3150089
20080213 17.61 17.92 17.35 17.43 3252070
20080214 17.44 17.81 17.40 17.53 2855749
20080215 17.50 17.53 17.14 17.34 3307429
20080219 17.39 17.73 17.34 17.66 3453365
20080220 17.53 18.02 17.22 17.91 5443906
20080221 17.95 18.19 17.92 18.03 6211602
20080222 18.10 18.13 17.60 17.87 4795866
20080225 17.85 18.25 17.78 18.14 2959398
20080226 18.02 18.34 17.94 18.24 3907980
20080227 18.14 18.29 17.82 18.01 2827603
20080228 17.92 18.13 17.84 18.07 2103527
20080229 17.95 17.98 17.24 17.32 4242938
20080303 17.27 17.68 17.26 17.62 3685475
20080304 17.49 17.60 17.08 17.38 5230205
20080305 17.25 17.74 17.24 17.69 3909047
20080306 17.57 17.83 17.53 17.62 4176640
20080307 17.46 17.68 17.29 17.48 3395471
20080310 17.46 17.75 17.23 17.45 3337977
20080311 17.80 18.25 17.63 18.24 6011374
20080312 18.25 18.46 17.95 18.00 4021367
20080313 17.74 18.13 17.74 18.04 3301960
20080314 18.10 18.16 17.31 17.55 4456106
20080317 17.32 17.62 17.09 17.49 5848363
20080318 17.79 17.95 17.44 17.92 5174578
20080319 17.92 18.17 17.35 17.40 4271752
20080320 17.42 17.42 16.87 17.18 5907725
20080324 17.23 17.29 17.05 17.13 4414486
20080325 17.17 17.20 16.90 17.01 3934526
20080326 16.96 17.29 16.89 17.22 2547871
20080327 17.29 17.62 17.05 17.05 4164634
20080328 17.17 17.37 16.90 16.98 3152289
20080331 16.97 18.67 16.88 17.05 4521203
20080401 17.19 17.28 16.99 17.21 4932731
20080402 17.20 17.48 17.06 17.33 7926012
20080403 17.32 17.51 17.23 17.44 3922253
20080404 17.44 17.89 17.44 17.72 3345848
20080407 17.76 17.95 17.65 17.68 2286414
20080408 17.62 17.90 17.44 17.80 1756697
20080409 17.70 18.03 17.70 17.89 2078849
20080410 17.86 17.91 17.52 17.59 2737160
20080411 17.39 17.62 17.39 17.47 2642849
20080414 17.43 17.73 17.36 17.65 1687864
20080415 17.75 17.88 17.56 17.68 2684869
20080416 17.76 18.40 17.66 18.37 3953068
20080417 18.35 18.50 18.25 18.41 3595032
20080418 18.61 18.79 18.29 18.79 3160960
20080421 18.72 19.01 18.50 18.53 2607099
20080422 18.49 18.82 18.42 18.76 3972277
20080423 18.80 19.03 18.64 18.97 3191108
20080424 18.95 19.01 18.64 18.88 3548076
20080425 18.87 18.97 18.54 18.70 2286681
20080428 18.70 19.03 18.61 18.82 2579219
20080429 18.83 18.83 18.40 18.46 2705678
20080430 18.53 18.73 18.42 18.52 4430627
20080501 18.52 18.90 18.41 18.88 4321242
20080502 18.91 19.03 18.82 19.03 2936054
20080505 19.00 19.41 18.98 19.38 3785789
20080506 20.05 20.24 19.47 20.02 8173195
20080507 20.23 20.24 19.48 19.51 4815876
20080508 19.62 20.14 19.55 19.92 5047051
20080509 19.95 20.46 19.78 20.35 4024702
20080512 20.38 20.44 20.06 20.22 4596305
20080513 20.32 20.39 20.02 20.38 3220455
20080514 20.56 20.67 20.18 20.21 3938663
20080515 20.26 20.48 20.11 20.45 3578366
20080516 20.53 20.75 20.43 20.64 4694308
20080519 20.61 20.85 20.54 20.72 3702565
20080520 20.66 20.92 20.63 20.69 3786026
20080521 20.69 21.31 20.38 20.42 7218369
20080522 20.50 20.80 20.30 20.73 5057514
20080523 20.72 20.78 20.31 20.32 3397557
20080527 20.37 20.51 20.27 20.31 3559717
20080528 20.38 20.39 20.19 20.26 6010899
20080529 20.22 20.50 20.00 20.28 3674260
20080530 20.33 20.49 20.23 20.43 5480241
20080602 20.31 20.34 20.12 20.21 3958106
20080603 20.19 20.26 19.82 19.96 4665341
20080604 19.87 20.28 19.84 20.12 4664283
20080605 20.15 20.31 19.99 20.31 4073840
20080606 20.35 20.97 19.96 19.96 6134833
20080609 20.12 20.65 19.97 20.60 3691587
20080610 20.50 20.64 20.05 20.31 4490087
20080611 20.27 20.97 20.24 20.80 4636374
20080612 20.87 20.87 20.28 20.41 6113142
20080613 20.48 20.61 20.13 20.59 5113067
20080616 20.51 20.82 20.46 20.70 3281029
20080617 20.76 21.11 20.41 20.99 4118415
20080618 20.90 20.94 20.34 20.43 4599075
20080619 20.41 20.76 20.04 20.66 4899984
20080620 20.56 20.92 20.40 20.73 5142695
20080623 20.75 21.17 20.71 21.10 3734706
20080624 21.06 21.55 20.90 21.40 6148060
20080625 21.54 22.06 21.41 21.64 7840423
20080626 21.44 21.63 21.17 21.31 5189385
20080627 21.37 21.71 21.37 21.53 8182335
20080630 21.51 21.87 21.29 21.73 4539026
20080701 21.93 22.02 21.63 21.94 5495584
20080702 21.81 21.90 21.08 21.13 6566290
20080703 21.49 21.70 20.87 21.18 4357422
20080707 21.17 21.33 20.94 21.14 7016397
20080708 21.14 21.17 20.45 20.90 7369816
20080709 20.97 21.08 20.33 20.33 6056002
20080710 20.37 20.80 20.13 20.72 6425822
20080711 21.16 21.16 20.50 20.64 5410536
20080714 20.92 20.95 20.56 20.79 4633861
20080715 20.72 20.88 20.14 20.26 6657290
20080716 20.32 20.37 19.65 19.87 6430055
20080717 19.98 19.98 19.45 19.72 7978908
20080718 19.77 19.99 19.57 19.76 5860643
20080721 19.79 20.53 19.79 20.31 3939853
20080722 20.21 20.48 20.06 20.36 4327794
20080723 20.35 20.46 19.87 20.02 4463236
20080724 19.98 20.28 19.70 19.76 5401145
20080725 19.79 20.16 19.77 19.87 4390489
20080728 19.86 20.11 19.76 19.88 3941705
20080729 19.75 20.00 19.70 20.00 4665077
20080730 20.07 20.68 20.00 20.68 5945426
20080731 20.59 20.68 20.38 20.54 4066830
20080801 20.64 20.82 20.44 20.51 3335126
20080804 20.84 20.97 20.22 20.25 5553914
20080805 20.41 20.74 20.06 20.72 5710784
20080806 20.94 20.96 20.05 20.35 6352546
20080807 20.56 20.69 19.69 19.84 5368343
20080808 19.82 20.11 19.60 20.11 6387729
20080811 20.07 20.27 19.82 19.98 10234598
20080812 20.06 20.06 19.33 19.34 4939532
20080813 19.43 20.03 19.39 19.93 5637813
20080814 19.85 20.00 19.58 19.83 2866516
20080815 19.75 19.99 19.61 19.90 3456819
20080818 19.91 20.16 19.75 19.82 2871231
20080819 19.77 20.13 19.76 20.00 2653944
20080820 20.08 20.23 19.69 19.91 3373781
20080821 19.90 20.16 19.72 19.84 2909083
20080822 19.88 20.06 19.48 19.56 3578102
20080825 19.52 19.87 19.52 19.74 3079612
20080826 19.69 20.13 19.64 20.11 3302138
20080827 20.23 20.44 20.11 20.32 2654206
20080828 20.46 20.56 20.09 20.47 2261805
20080829 20.52 20.56 20.19 20.20 3008362
20080902 20.25 20.44 19.37 19.41 4041491
20080903 19.14 19.56 19.10 19.52 4075545
20080904 19.49 19.77 19.23 19.59 4697937
20080905 19.59 19.68 18.91 19.10 6092819
20080908 19.32 19.58 19.17 19.55 4355045
20080909 19.64 19.85 18.58 18.58 5961059
20080910 18.68 19.03 18.58 18.73 3809928
20080911 18.68 18.90 18.33 18.76 3884845
20080912 18.72 19.23 18.58 19.05 3960287
20080915 18.63 19.09 18.33 18.39 5469248
20080916 16.80 19.10 16.80 18.91 7989728
20080917 18.71 19.10 17.87 17.95 6779521
20080918 18.11 19.32 18.11 18.77 8500923
20080919 18.74 21.31 17.75 19.63 9328291
20080922 19.42 19.62 18.32 18.96 4704486
20080923 18.96 19.24 18.53 18.62 4053279
20080924 18.69 18.75 18.16 18.40 3843850
20080925 18.49 19.64 18.49 19.63 6119800
20080926 19.27 19.61 19.07 19.58 3972991
20080929 19.24 19.34 17.61 18.03 6917175
20080930 18.33 18.51 17.98 18.17 6360401
20081001 17.95 18.15 17.29 17.75 5535521
20081002 17.57 17.61 16.93 17.22 4807825
20081003 17.26 18.15 17.16 17.17 6351888
20081006 16.87 17.01 15.02 15.52 9669481
20081007 15.67 16.01 14.70 14.74 8720175
20081008 14.47 15.19 13.87 14.67 9858477
20081009 14.92 15.22 13.47 13.47 7873161
20081010 11.95 13.46 11.64 12.67 12279547
20081013 13.19 15.00 12.86 14.99 7468710
20081014 15.58 16.23 14.38 15.18 7081811
20081015 15.18 15.18 13.36 13.51 6164725
20081016 13.37 13.95 12.87 13.85 8403609
20081017 13.80 14.83 13.33 13.88 7013311
20081020 14.16 15.13 13.84 15.12 4574821
20081021 14.83 15.26 14.21 14.24 5855886
20081022 13.93 14.48 12.61 13.09 6371796
20081023 13.36 14.12 12.60 13.58 7483118
20081024 13.24 13.41 12.30 13.10 5975859
20081027 12.97 13.17 12.28 12.38 5121117
20081028 12.67 13.58 11.93 13.51 7800993
20081029 13.61 14.19 13.38 13.42 6902506
20081030 13.58 14.85 13.36 14.73 6105000
20081031 14.50 15.10 14.11 14.76 4110908
20081103 14.64 14.81 13.96 14.19 3374567
20081104 14.48 14.77 14.35 14.69 5732115
20081105 14.46 14.88 13.80 13.87 5055630
20081106 13.96 14.12 12.98 13.16 5638861
20081107 13.29 13.74 13.06 13.48 4754649
20081110 13.75 14.00 12.87 13.13 3925186
20081111 12.93 13.19 12.50 12.74 5104090
20081112 12.63 12.69 11.92 11.98 4914104
20081113 12.21 13.67 11.94 13.67 7497976
20081114 13.56 13.82 12.52 12.97 4945197
20081117 12.67 13.04 12.28 12.44 5837966
20081118 12.55 12.71 12.01 12.57 6287318
20081119 12.61 12.74 11.54 11.59 5247990
20081120 11.34 11.58 10.36 10.45 7539905
20081121 10.65 11.62 10.44 11.56 8049249
20081124 11.69 12.54 11.57 12.18 5909827
20081125 12.25 12.52 11.74 12.06 5372487
20081126 12.01 12.74 11.77 12.72 3594560
20081128 12.60 12.78 12.12 12.60 2520011
20081201 12.29 12.40 11.59 11.60 6696419
20081202 12.06 12.17 11.36 11.87 6620817
20081203 11.68 11.85 11.30 11.72 6644297
20081204 11.55 11.67 10.74 10.95 5633610
20081205 10.82 11.67 10.42 11.63 6444972
20081208 11.96 12.49 11.50 11.79 6104378
20081209 11.24 12.11 11.24 11.87 7459401
20081210 12.01 12.98 11.90 12.55 7312327
20081211 12.60 12.97 12.16 12.36 4634146
20081212 12.06 12.34 11.86 12.25 4550933
20081215 12.41 12.66 11.58 11.85 4576864
20081216 11.94 12.53 11.93 12.48 5366037
20081217 12.38 12.67 12.04 12.12 5735788
20081218 12.12 12.32 11.68 11.82 6187849
20081219 12.28 12.33 11.70 11.91 6772149
20081222 11.97 12.05 11.59 11.76 4808701
20081223 11.81 11.94 11.60 11.65 3871937
20081224 11.56 11.79 11.55 11.74 1503259
20081226 11.81 11.82 11.62 11.76 1859722
20081229 11.83 12.01 11.61 11.74 2819321
20081230 11.73 12.12 11.64 12.10 5507564
20081231 12.08 12.34 11.63 12.20 3785499
20090102 12.24 12.95 12.00 12.84 3637134
20090105 12.81 13.32 12.78 13.06 4044041
20090106 13.24 13.54 13.21 13.31 4708200
20090107 13.17 13.25 12.73 12.84 3433680
20090108 12.74 13.14 12.74 13.08 3711832
20090109 13.18 13.34 12.53 12.60 4518422
20090112 12.22 12.43 11.94 12.03 4661239
20090113 12.04 12.24 11.77 11.90 5576715
20090114 11.53 11.74 11.35 11.53 7784772
20090115 11.70 11.74 11.27 11.64 6697709
20090116 11.80 11.90 11.29 11.46 7220727
20090120 11.30 11.50 10.97 11.01 6276094
20090121 11.14 11.47 10.93 11.45 4591314
20090122 11.29 11.54 11.09 11.34 4608215
20090123 11.22 11.67 11.03 11.47 4565253
20090126 11.52 11.85 11.27 11.49 5015380
20090127 11.36 11.73 11.33 11.64 3897095
20090128 11.75 12.08 11.67 11.95 3570821
20090129 11.77 11.92 11.49 11.53 3541535
20090130 11.66 11.84 11.18 11.25 5599550
20090202 11.12 11.25 10.94 11.15 4071521
20090203 11.18 11.47 11.01 11.36 5046601
20090204 11.18 11.55 11.04 11.39 5162454
20090205 11.16 11.74 10.70 11.59 8593941
20090206 11.80 12.62 11.49 12.18 6778987
20090209 11.63 11.80 11.43 11.52 8275795
20090210 11.43 11.62 11.24 11.36 12327190
20090211 11.31 11.55 11.17 11.36 20695998
20090212 11.16 11.27 10.96 11.23 7739680
20090213 11.18 11.43 11.13 11.33 6076041
20090217 10.95 10.95 10.65 10.67 5794393
20090218 10.74 10.87 10.36 10.52 4853579
20090219 10.61 10.80 10.42 10.53 4972148
20090220 10.35 10.54 9.97 10.32 9306307
20090223 10.46 10.56 9.75 9.83 5473560
20090224 10.17 10.50 9.99 10.41 7996599
20090225 10.36 10.70 10.17 10.43 6892453
20090226 10.48 10.82 10.43 10.45 5619266
20090227 10.19 10.66 10.10 10.25 6199809
20090302 10.01 10.13 9.40 9.48 7471220
20090303 9.61 9.64 9.21 9.34 6307852
20090304 9.58 9.79 9.48 9.57 7193503
20090305 9.42 9.42 8.99 9.08 5241368
20090306 9.20 9.54 8.84 9.14 7521944
20090309 9.01 9.40 8.91 9.07 6044084
20090310 9.28 9.66 9.19 9.48 6001603
20090311 9.69 9.69 9.34 9.48 5376169
20090312 9.45 9.71 9.37 9.70 4860681
20090313 9.85 9.96 9.63 9.92 5522129
20090316 10.00 10.50 10.00 10.16 6018595
20090317 10.24 10.67 9.97 10.57 6664826
20090318 10.45 10.91 10.28 10.76 7243847
20090319 11.04 11.20 10.77 11.12 6343613
20090320 11.24 11.42 10.98 11.06 18232814
20090323 11.35 11.59 10.60 11.59 7041583
20090324 11.41 11.56 11.24 11.31 4156243
20090325 11.43 11.69 11.18 11.47 4725500
20090326 11.59 11.99 11.43 11.80 7033340
20090327 11.64 11.69 11.29 11.45 4020809
20090330 11.19 11.35 10.92 11.06 4504721
20090331 11.19 11.38 11.04 11.15 5237818
20090401 10.95 11.47 10.84 11.41 4150410
20090402 11.66 11.81 11.53 11.59 5753433
20090403 11.58 11.83 11.51 11.73 3290882
20090406 11.58 11.73 11.40 11.59 2989579
20090407 11.34 11.51 11.25 11.36 2723021
20090408 11.19 11.58 11.08 11.54 4159160
20090409 11.84 11.98 11.58 11.76 3323853
20090413 11.71 11.85 11.36 11.76 3403998
20090414 11.68 11.76 11.48 11.66 3807892
20090415 11.62 11.78 11.46 11.65 3407168
20090416 11.71 11.95 11.50 11.86 3210357
20090417 11.86 12.07 11.80 11.99 4599956
20090420 11.79 11.89 11.43 11.45 3722548
20090421 11.37 11.81 11.36 11.67 4724612
20090422 11.59 11.74 11.44 11.54 4358888
20090423 11.64 11.64 11.13 11.39 6928087
20090424 11.52 11.67 11.33 11.43 4949956
20090427 11.25 11.48 11.17 11.35 4777619
20090428 11.25 11.56 11.17 11.39 3701371
20090429 11.48 11.77 11.43 11.64 3155701
20090430 11.73 11.81 11.36 11.43 4890355
20090501 11.43 11.80 11.34 11.77 3415792
20090504 11.84 12.20 11.63 12.19 4430917
20090505 12.46 12.62 12.03 12.21 4177294
20090506 12.40 12.40 12.09 12.27 4139885
20090507 12.47 12.62 12.14 12.28 4383109
20090508 12.54 13.01 12.52 12.73 5725661
20090511 12.54 12.66 12.30 12.39 4982546
20090512 12.49 12.55 12.21 12.42 3865718
20090513 12.33 12.42 12.00 12.17 5556279
20090514 12.11 12.23 11.97 12.11 4990817
20090515 12.03 12.25 11.82 11.88 3789881
20090518 12.01 12.42 12.01 12.40 4065187
20090519 12.31 12.69 12.29 12.50 3496605
20090520 12.46 12.54 12.23 12.26 5311799
20090521 12.11 12.24 11.87 11.98 3764297
20090522 12.02 12.26 11.98 12.06 2977568
20090526 11.95 12.47 11.92 12.37 3491488
20090527 12.43 12.49 12.11 12.15 3723988
20090528 12.28 12.77 12.19 12.68 4775914
20090529 12.76 12.95 12.61 12.86 5372826
20090601 13.04 13.49 12.92 13.41 6963882
20090602 13.37 13.49 13.24 13.42 4170766
20090603 13.20 13.27 12.81 13.07 4249764
20090604 13.20 13.25 13.06 13.21 4063439
20090605 13.29 13.37 12.96 13.22 4021258
20090608 13.19 13.43 13.04 13.33 3243139
20090609 13.46 13.64 13.21 13.47 5815361
20090610 13.63 13.72 13.48 13.69 4914815
20090611 13.69 14.23 13.64 14.05 4844179
20090612 13.96 14.11 13.86 14.02 4255255
20090615 13.86 13.93 13.61 13.75 3484624
20090616 13.86 13.93 13.42 13.45 4103874
20090617 13.32 13.51 13.21 13.41 5221071
20090618 13.40 13.63 13.30 13.51 3213686
20090619 13.68 13.69 13.31 13.38 6242047
20090622 13.22 13.44 13.07 13.17 4532932
20090623 13.22 13.34 12.98 13.09 5099018
20090624 13.17 13.37 13.08 13.19 5007790
20090625 13.13 13.54 13.09 13.49 4972846
20090626 13.46 13.60 13.35 13.39 5634154
20090629 13.49 13.66 13.37 13.56 3834060
20090630 13.53 13.72 13.31 13.56 5938912
20090701 13.65 13.85 13.57 13.76 4694670
20090702 13.56 13.56 13.18 13.19 4073299
20090706 12.98 13.21 12.90 13.18 5758578
20090707 13.16 13.17 12.84 12.89 4278343
20090708 12.88 13.05 12.67 12.85 5226062
20090709 12.93 13.19 12.78 13.02 3953492
20090710 12.95 12.96 12.74 12.93 3538412
20090713 12.92 13.15 12.71 13.13 4752827
20090714 13.25 13.34 13.07 13.34 4234913
20090715 13.58 13.76 13.47 13.70 4933410
20090716 13.60 13.73 13.38 13.68 4608310
20090717 13.57 13.69 13.45 13.61 4237783
20090720 13.76 13.98 13.57 13.98 5338381
20090721 14.09 14.15 13.77 14.04 4202840
20090722 13.88 14.05 13.81 13.96 2760793
20090723 13.97 14.42 13.94 14.32 5806001
20090724 14.23 14.44 14.17 14.44 2439437
20090727 14.50 14.67 14.33 14.60 3050200
20090728 14.50 14.62 14.32 14.52 4640508
20090729 14.38 14.47 14.19 14.30 3334991
20090730 14.43 14.82 14.42 14.59 4133202
20090731 14.50 14.80 14.45 14.71 3525059
20090803 14.91 15.20 14.78 15.04 4824960
20090804 15.00 15.13 14.82 15.00 3236649
20090805 15.00 15.00 14.68 14.85 3475639
20090806 14.91 14.99 14.77 14.84 3816838
20090807 14.98 15.16 14.79 15.08 2834798
20090810 15.01 15.48 14.98 15.48 5255640
20090811 15.46 15.59 15.23 15.26 4759441
20090812 15.33 15.48 15.30 15.36 3915991
20090813 15.48 15.52 15.16 15.26 5708460
20090814 15.30 15.31 14.90 15.00 3925352
20090817 14.79 14.87 14.62 14.83 3661297
20090818 14.82 14.96 14.76 14.92 2474651
20090819 14.76 15.24 14.74 15.13 3988533
20090820 15.10 15.25 15.05 15.21 2559755
20090821 15.30 15.52 15.23 15.51 3767091
20090824 15.59 15.67 15.48 15.65 3173953
20090825 15.65 15.75 15.44 15.49 3908356
20090826 15.40 15.65 15.28 15.64 3101658
20090827 15.55 15.62 15.26 15.52 2909406
20090828 15.66 15.66 15.30 15.42 2464799
20090831 15.26 15.33 15.09 15.28 4268106
20090901 15.23 15.31 14.88 14.91 4414543
20090902 14.87 14.96 14.78 14.84 2737105
20090903 14.99 15.00 14.66 14.80 3830765
20090904 14.80 15.00 14.75 14.93 3301547
20090908 15.15 15.31 15.00 15.26 3979419
20090909 15.24 15.48 15.18 15.28 4479325
20090910 15.35 15.56 15.21 15.49 3385542
20090911 15.56 15.65 15.45 15.50 3436407
20090914 15.57 15.64 15.34 15.57 3887665
20090915 15.57 15.79 15.43 15.78 4844617
20090916 15.76 16.01 15.71 16.00 4366387
20090917 15.95 16.02 15.72 15.74 4836488
20090918 15.86 15.91 15.67 15.83 5491330
20090921 15.57 15.83 15.56 15.78 3042295
20090922 16.01 16.01 15.77 15.97 3792832
20090923 15.97 16.00 15.66 15.66 3871408
20090924 15.69 15.77 15.39 15.47 4193101
20090925 15.39 15.68 15.34 15.48 3899858
20090928 15.53 15.70 15.45 15.58 2988474
20090929 15.60 15.65 15.46 15.54 3180481
20090930 15.62 15.64 15.22 15.38 6431532
20091001 15.37 15.44 15.09 15.11 5554387
20091002 14.91 15.08 14.83 14.96 5334793
20091005 15.00 15.36 14.91 15.35 4068217
20091006 15.50 15.57 15.39 15.55 5366199
20091007 15.55 15.65 15.39 15.60 3160036
20091008 15.68 15.95 15.56 15.83 4434741
20091009 16.57 16.60 16.03 16.04 7154357
20091012 16.24 16.35 16.09 16.18 3558705
20091013 16.25 16.26 15.95 16.04 3719675
20091014 16.22 16.32 16.09 16.32 4350253
20091015 16.21 16.67 16.17 16.67 4643866
20091016 16.52 16.56 16.28 16.51 4608273
20091019 16.47 16.61 16.37 16.58 3285413
20091020 16.69 16.69 16.30 16.48 4141497
20091021 16.41 16.58 16.26 16.40 5757232
20091022 16.39 16.56 16.28 16.52 4456910
20091023 16.53 16.63 16.12 16.24 5351420
20091026 16.24 16.60 15.99 15.99 5311147
20091027 15.60 15.90 15.10 15.82 8575129
20091028 15.76 15.76 15.41 15.43 5901575
20091029 15.55 15.95 15.48 15.89 4074252
20091030 15.81 15.91 15.36 15.52 7713626
20091102 15.57 15.82 15.35 15.58 4853977
20091103 15.51 15.70 15.35 15.66 4221921
20091104 15.82 16.05 15.70 15.81 4813458
20091105 16.00 16.03 15.55 15.70 5717082
20091106 15.53 15.76 15.50 15.70 3128754
20091109 15.89 16.00 15.70 15.99 4837104
20091110 15.98 16.02 15.80 15.91 4428532
20091111 15.99 16.08 15.75 15.83 3555714
20091112 15.77 15.90 15.57 15.60 3905425
20091113 15.62 15.83 15.55 15.77 3765346
20091116 15.79 16.04 15.64 15.94 3919287
20091117 15.93 16.00 15.74 15.93 3403476
20091118 15.95 16.00 15.74 15.83 2285521
20091119 15.79 15.79 15.49 15.63 4066783
20091120 15.67 15.77 15.54 15.71 3433753
20091123 15.89 16.18 15.89 15.95 4435098
20091124 15.92 15.99 15.75 15.98 2992967
20091125 16.04 16.18 15.97 16.17 2179124
20091127 15.82 15.98 15.71 15.88 2163560
20091130 15.94 16.08 15.78 15.96 3083921
20091201 15.96 16.14 15.96 16.09 2965608
20091202 16.14 16.18 15.98 16.04 3130979
20091203 16.07 16.23 15.96 15.97 3213056
20091204 16.21 16.35 16.02 16.14 4637555
20091207 16.14 16.30 16.11 16.14 2832582
20091208 16.04 16.18 15.91 16.07 3135478
20091209 16.09 16.23 16.04 16.18 3618944
20091210 16.22 16.57 16.22 16.54 3645088
20091211 16.62 16.65 16.46 16.60 2569691
20091214 16.80 17.05 16.78 16.92 3516196
20091215 16.97 17.00 16.76 16.78 5083327
20091216 16.92 17.04 16.68 16.87 3581006
20091217 16.77 16.88 16.70 16.74 2502084
20091218 16.78 16.92 16.60 16.64 5275570
20091221 16.65 16.88 16.65 16.79 2746006
20091222 16.86 16.88 16.69 16.81 2437151
20091223 16.79 16.89 16.79 16.87 1926448
20091224 16.83 17.00 16.83 16.92 1100202
20091228 16.92 16.99 16.81 16.89 1684107
20091229 16.91 17.02 16.87 16.91 2017402
20091230 16.83 17.09 16.83 16.98 2361154
20091231 16.97 17.06 16.87 16.87 1572603
20100104 16.99 17.11 16.95 17.11 3770575
20100105 17.15 17.18 16.69 16.99 5642791
20100106 16.94 17.11 16.94 17.02 4398984
20100107 16.97 17.11 16.88 17.11 3613473
20100108 17.16 17.27 17.06 17.26 3437523
20100111 17.34 17.46 17.25 17.32 4757327
20100112 17.24 17.59 17.15 17.38 6423559
20100113 17.67 17.90 17.62 17.85 6428302
20100114 18.09 18.32 17.92 18.24 5711006
20100115 18.40 18.40 17.97 18.19 5864582
20100119 18.25 18.96 18.22 18.94 7261722
20100120 18.79 18.87 18.65 18.70 8123838
20100121 18.73 18.96 18.42 18.59 8685855
20100122 18.49 18.50 18.04 18.08 8576905
20100125 18.17 18.46 18.17 18.33 5323601
20100126 18.17 18.52 18.17 18.31 5028852
20100127 18.31 18.40 17.84 18.13 5640237
20100128 18.23 18.50 17.78 17.94 4745776
20100129 18.01 18.13 17.45 17.48 6430612
20100201 17.67 17.87 17.56 17.87 4729604
20100202 17.90 18.11 17.67 18.08 5315332
20100203 18.06 18.13 17.80 17.85 4304990
20100204 17.67 17.85 17.20 17.21 5938999
20100205 17.25 17.39 16.75 17.26 5425377
20100208 17.29 17.40 17.06 17.07 4264985
20100209 17.39 17.61 17.25 17.29 6567894
20100210 17.43 17.43 17.04 17.18 5403624
20100211 17.11 17.28 17.01 17.25 4708316
20100212 17.07 17.33 16.95 17.25 5185912
20100216 17.43 17.79 17.43 17.73 4454319
20100217 17.78 17.87 17.73 17.79 3308329
20100218 17.77 17.89 17.61 17.89 3602456
20100219 17.77 18.16 17.77 18.06 3680793
20100222 18.11 18.16 17.97 17.98 2826888
20100223 17.89 17.95 17.67 17.73 2997861
20100224 17.74 18.10 17.64 18.08 5422487
20100225 17.87 18.14 17.73 18.10 3239483
20100226 18.15 18.23 17.99 18.14 2984404
20100301 18.23 18.40 18.19 18.29 3911001
20100302 18.33 18.41 18.21 18.29 3965429
20100303 18.30 18.40 18.16 18.21 3293310
20100304 18.18 18.31 17.99 18.08 3709750
20100305 18.17 18.42 18.13 18.39 3781239
20100308 18.39 18.51 18.31 18.37 2375244
20100309 18.19 18.39 18.17 18.31 2849356
20100310 18.33 18.63 18.26 18.58 4856341
20100311 18.58 18.62 18.44 18.58 2499119
20100312 18.68 18.72 18.44 18.57 2229983
20100315 18.64 18.68 18.32 18.58 2862452
20100316 18.65 18.71 18.53 18.68 2191655
20100317 18.66 18.83 18.63 18.68 2691118
20100318 18.72 18.77 18.52 18.73 3253781
20100319 18.49 18.85 18.39 18.49 5343789
20100322 18.33 18.58 18.29 18.53 2673577
20100323 18.59 18.73 18.46 18.71 3127383
20100324 18.65 18.70 18.46 18.55 3160544
20100325 18.70 18.80 18.63 18.65 4722614
20100326 18.64 18.93 18.64 18.78 4797467
20100329 18.89 19.11 18.86 18.99 5170533
20100330 19.03 19.14 18.89 18.92 3444939
20100331 18.90 18.90 18.67 18.75 4538544
20100401 18.90 19.04 18.77 19.01 2419700
20100405 19.06 19.38 19.03 19.34 3182892
20100406 19.28 19.47 19.21 19.32 3156339
20100407 19.31 19.38 19.13 19.19 3676228
20100408 19.14 19.30 18.98 19.26 2489387
20100409 19.24 19.41 19.06 19.38 2416696
20100412 19.31 19.46 19.28 19.42 2274318
20100413 19.34 19.34 19.07 19.27 2253292
20100414 19.23 19.43 19.19 19.43 2180722
20100415 19.38 19.43 19.24 19.38 2648345
20100416 19.32 19.32 18.89 19.04 4161393
20100419 18.90 19.28 18.90 19.28 2585387
20100420 19.38 19.50 19.37 19.40 2290899
20100421 19.43 19.45 19.23 19.34 2643058
20100422 19.18 19.28 19.06 19.26 3110322
20100423 19.28 19.53 19.11 19.53 3601374
20100426 19.53 19.58 19.43 19.46 2527594
20100427 19.41 19.48 18.97 19.02 3672383
20100428 19.13 19.34 19.03 19.27 3721885
20100429 19.47 19.62 19.38 19.51 3591642
20100430 19.51 19.70 19.40 19.43 3210647
20100503 19.53 19.85 19.50 19.76 4391240
20100504 19.54 19.56 19.18 19.34 4479791
20100505 19.19 19.26 18.73 18.83 4367210
20100506 18.73 18.98 16.19 17.97 11473358
20100507 17.90 18.18 17.36 17.72 10464940
20100510 18.40 18.77 18.39 18.74 6045344
20100511 18.59 19.10 18.59 18.87 4639951
20100512 18.83 19.13 18.72 19.08 3701873
20100513 19.01 19.20 18.83 18.83 3445924
20100514 18.78 18.85 18.30 18.52 4468888
20100517 18.57 18.76 17.90 18.30 4509526
20100518 18.48 18.60 18.04 18.12 3957703
20100519 18.03 18.11 17.50 17.77 4338656
20100520 16.61 16.85 16.07 16.30 15599696
20100521 15.70 16.60 15.63 16.56 7521620
20100524 16.51 16.57 16.28 16.28 5333221
20100525 15.91 16.25 15.68 16.24 6904681
20100526 16.39 16.66 16.33 16.39 6808551
20100527 16.68 17.04 16.65 17.03 4223871
20100528 17.03 17.10 16.73 16.84 5239705
20100601 16.68 16.80 16.16 16.16 5239349
20100602 16.29 16.71 16.12 16.71 4217811
20100603 16.67 16.97 16.61 16.92 5179342
20100604 16.67 16.78 16.22 16.35 5290919
20100607 16.42 16.57 16.18 16.18 5075252
20100608 16.25 16.65 16.07 16.62 4995045
20100609 16.77 17.03 16.52 16.61 4380720
20100610 16.92 17.31 16.92 17.29 5158429
20100611 17.00 17.36 17.00 17.35 2984170
20100614 17.61 17.75 17.33 17.40 4266291
20100615 17.59 17.99 17.58 17.99 3521853
20100616 17.87 18.05 17.79 17.94 2940918
20100617 18.43 18.43 17.84 18.09 3238337
20100618 18.12 18.32 17.99 18.25 5082025
20100621 18.48 18.62 18.08 18.18 3590058
20100622 18.28 18.30 17.77 17.87 4388919
20100623 17.82 17.88 17.48 17.69 4183589
20100624 17.50 17.77 17.39 17.47 3446280
20100625 17.50 17.71 17.35 17.60 5355084
20100628 17.59 17.62 17.37 17.53 4221138
20100629 17.31 17.40 16.93 17.04 5786775
20100630 17.04 17.26 16.83 16.89 4101362
20100701 16.92 17.08 16.55 17.03 7044300
20100702 17.09 17.33 16.93 16.98 3623686
20100706 17.24 17.34 16.92 17.13 8321787
20100707 17.13 17.61 17.13 17.61 4991242
20100708 17.76 17.93 17.62 17.87 2721092
20100709 17.90 17.98 17.77 17.94 2057216
20100712 17.88 18.31 17.83 18.06 3494167
20100713 18.23 18.31 18.03 18.07 3793487
20100714 17.97 18.04 17.76 17.86 5067053
20100715 17.88 17.93 17.63 17.85 4498594
20100716 17.77 17.80 17.45 17.53 4056565
20100719 17.60 17.75 17.45 17.60 2839798
20100720 17.41 17.88 17.30 17.86 5230318
20100721 17.91 17.96 17.38 17.53 5022256
20100722 17.73 17.98 17.72 17.86 3729678
20100723 17.88 17.93 17.70 17.87 4218643
20100726 17.81 18.12 17.81 18.09 3192470
20100727 18.14 18.22 17.97 18.05 3536825
20100728 18.14 18.17 17.75 17.77 5862942
20100729 17.91 17.98 17.30 17.41 8271405
20100730 17.20 17.54 17.17 17.50 7358711
20100802 17.82 17.93 17.71 17.92 4339844
20100803 17.86 18.01 17.72 17.88 3418356
20100804 17.95 18.16 17.84 18.11 4962962
20100805 18.03 18.37 17.84 18.34 4478394
20100806 18.21 18.51 18.17 18.46 5296979
20100809 18.57 18.61 18.46 18.48 2817102
20100810 18.32 18.42 18.07 18.35 5403565
20100811 18.17 18.17 17.81 17.84 3675767
20100812 17.62 17.91 17.58 17.81 3270637
20100813 17.79 18.17 17.69 18.11 4423066
20100816 18.07 18.07 17.80 17.93 3408656
20100817 18.09 18.46 18.01 18.41 3942408
20100818 18.40 18.40 18.05 18.21 3838101
20100819 18.18 18.19 17.79 17.91 3432384
20100820 17.76 17.92 17.68 17.86 3360966
20100823 17.94 18.06 17.84 17.92 7558503
20100824 17.73 17.90 17.61 17.67 4194718
20100825 17.62 17.85 17.54 17.80 4821852
20100826 17.86 17.97 17.45 17.56 3895775
20100827 17.65 17.88 17.41 17.86 4742213
20100830 17.83 17.85 17.44 17.45 3515312
20100831 17.44 17.56 17.19 17.32 7327689
20100901 17.51 17.98 17.51 17.96 5632816
20100902 17.97 18.16 17.85 18.15 2994599
20100903 18.23 18.40 18.19 18.34 2509947
20100907 18.22 18.28 18.02 18.06 2160495
20100908 18.05 18.24 18.04 18.12 2650785
20100909 18.27 18.30 18.03 18.04 3369541
20100910 18.05 18.36 18.05 18.30 3439079
20100913 18.50 18.76 18.44 18.65 4522792
20100914 18.67 18.73 18.47 18.63 3391741
20100915 18.57 18.69 18.40 18.65 3342877
20100916 18.51 18.53 18.35 18.51 3333362
20100917 18.57 18.68 18.35 18.38 4072791
20100920 18.47 18.81 18.36 18.78 2918718
20100921 18.81 18.88 18.58 18.77 3336769
20100922 18.80 18.93 18.60 18.62 3527059
20100923 18.52 18.65 18.37 18.41 2587943
20100924 18.61 19.08 18.58 18.95 3661436
20100927 19.00 19.00 18.76 18.79 3123691
20100928 18.88 19.20 18.75 19.16 3658852
20100929 19.15 19.27 19.00 19.15 3406189
20100930 19.25 19.42 19.01 19.20 3806033
20101001 19.38 19.46 19.11 19.41 3577215
20101004 19.39 19.40 19.04 19.18 3082814
20101005 19.34 19.71 19.31 19.69 4651884
20101006 19.70 19.78 19.54 19.64 2968992
20101007 19.76 19.84 19.58 19.73 2586181
20101008 19.80 20.01 19.67 19.96 2257402
20101011 19.99 20.12 19.88 19.94 1905366
20101012 19.85 19.96 19.69 19.91 1963745
20101013 20.06 20.31 19.99 20.12 4398046
20101014 20.13 20.18 19.84 20.01 2538491
20101015 20.21 20.24 19.94 20.09 3086925
20101018 20.13 20.31 19.98 20.28 5707758
20101019 19.97 20.18 19.74 19.87 3719815
20101020 19.89 20.15 19.89 19.97 3328312
20101021 20.01 20.29 19.89 20.03 2785750
20101022 20.10 20.25 20.07 20.24 2772125
20101025 20.38 20.43 20.19 20.21 3217427
20101026 20.19 20.29 20.05 20.21 2962415
20101027 20.07 20.23 19.91 20.08 3815548
20101028 20.24 20.26 20.01 20.13 2761670
20101029 20.12 20.29 19.99 20.24 2926588
20101101 20.40 20.42 20.13 20.25 2021537
20101102 20.43 20.59 20.35 20.57 2696009
20101103 20.39 20.45 20.12 20.42 3839158
20101104 20.65 20.99 20.62 20.97 3323261
20101105 20.99 21.09 20.83 21.03 2956424
20101108 20.90 21.02 20.71 20.89 3288609
20101109 20.99 21.29 20.90 21.00 3121633
20101110 20.99 21.06 20.75 21.06 2637965
20101111 20.90 21.06 20.81 21.06 2878869
20101112 20.87 20.95 20.63 20.74 2414269
20101115 20.81 21.06 20.78 20.86 2344160
20101116 20.73 20.74 20.22 20.38 4176865
20101117 20.39 20.57 20.26 20.39 2904099
20101118 20.59 20.79 20.50 20.63 3244991
20101119 20.63 20.69 20.38 20.69 2941188
20101122 20.63 20.75 20.37 20.75 2506003
20101123 20.51 20.53 20.21 20.39 2632849
20101124 20.60 20.70 20.51 20.68 2126510
20101126 20.49 20.69 20.42 20.50 1205449
20101129 20.39 20.56 20.20 20.51 3091985
20101130 20.32 20.59 20.26 20.44 3468223
20101201 20.79 21.18 20.75 21.02 3306612
20101202 21.01 21.34 20.99 21.30 3168372
20101203 21.27 21.33 21.07 21.24 6316513
20101206 21.27 21.36 21.14 21.15 2489958
20101207 21.31 21.40 21.06 21.09 2875148
20101208 21.24 21.24 20.95 21.14 2579600
20101209 21.24 21.30 20.97 21.04 2707376
20101210 21.07 21.19 21.06 21.10 2330906
20101213 21.42 21.61 21.22 21.48 3144421
20101214 21.55 21.60 21.30 21.36 3485895
20101215 21.35 21.39 21.00 21.06 3694709
20101216 21.10 21.16 20.89 21.06 3705754
20101217 21.00 21.07 20.93 20.99 5329297
20101220 21.07 21.35 20.92 21.30 3348468
20101221 21.36 21.49 21.31 21.45 2045123
20101222 21.50 21.65 21.44 21.61 2171040
20101223 21.61 21.65 21.48 21.56 1685744
20101227 21.52 21.67 21.42 21.60 1442981
20101228 21.66 21.71 21.56 21.69 1468792
20101229 21.69 21.79 21.67 21.73 1710742
20101230 21.74 21.89 21.48 21.49 2787832
20101231 21.42 21.61 21.36 21.49 1925486
20110103 21.67 21.72 21.50 21.54 2721328
20110104 21.61 21.68 21.36 21.68 4114547
20110105 21.64 21.75 21.43 21.74 2831200
20110106 21.77 21.79 21.34 21.38 4120592
20110107 21.42 21.49 21.23 21.47 2943397
20110110 21.30 21.30 21.02 21.26 3411833
20110111 21.24 21.62 21.18 21.61 3900733
20110112 21.72 21.83 21.61 21.69 2821782
20110113 21.72 21.82 21.27 21.34 4332081
20110114 21.31 21.56 21.22 21.51 2802598
20110118 21.50 21.72 21.50 21.61 1923393
20110119 21.94 22.03 21.51 21.61 3174999
20110120 21.61 21.84 21.44 21.77 4248369
20110121 21.94 22.02 21.85 21.92 4443929
20110124 21.90 22.22 21.89 22.16 5766341
20110125 22.13 22.25 21.83 22.01 2817480
20110126 22.07 22.36 21.98 22.30 3831555
20110127 22.29 22.62 22.21 22.41 3536936
20110128 22.45 22.53 22.07 22.10 3008738
20110131 22.26 22.58 22.23 22.56 3123028
20110201 22.63 22.77 22.58 22.72 2753301
20110202 22.58 22.78 22.54 22.65 2254752
20110203 22.67 22.82 22.41 22.53 5249770
20110204 22.81 22.81 22.37 22.53 4703435
20110207 22.61 22.84 22.53 22.64 3769120
20110208 22.72 22.80 22.48 22.65 2570066
20110209 22.75 22.75 22.43 22.49 3057665
20110210 22.40 22.52 22.16 22.38 4519441
20110211 22.37 22.54 22.24 22.46 3572476
20110214 22.46 22.63 22.39 22.53 3133529
20110215 22.48 22.61 22.29 22.53 2532379
20110216 22.58 22.87 22.58 22.76 2556554
20110217 22.72 23.08 22.72 22.98 4333985
20110218 23.00 23.05 22.79 22.80 3795806
20110222 22.59 22.85 22.41 22.52 5146723
20110223 22.57 22.81 22.52 22.66 4122973
20110224 22.62 22.76 22.43 22.67 5266331
20110225 22.74 22.90 22.68 22.90 2614228
20110228 22.96 23.24 22.85 23.24 3530457
20110301 23.31 23.34 22.82 22.93 5064873
20110302 22.92 23.04 22.70 22.93 4264799
20110303 23.08 23.38 23.05 23.32 3374242
20110304 23.32 23.45 23.21 23.42 4187670
20110307 23.43 23.66 23.26 23.44 4293118
20110308 23.45 23.56 23.25 23.47 3138479
20110309 23.38 23.66 23.32 23.38 2769639
20110310 23.16 23.18 22.59 22.62 4999371
20110311 22.38 22.88 22.38 22.78 3144465
20110314 22.74 22.92 22.63 22.88 6355813
20110315 22.26 22.60 22.04 22.46 4767637
20110316 22.44 22.56 21.86 22.13 5446722
20110317 22.51 22.65 22.36 22.59 3703826
20110318 22.81 22.84 22.52 22.59 3727310
20110321 22.87 23.14 22.72 23.08 2573246
20110322 23.05 23.09 22.92 23.03 3041319
20110323 23.01 23.12 22.89 23.09 2588442
20110324 23.25 23.25 22.93 23.22 1951376
20110325 23.29 23.57 23.25 23.53 2650721
20110328 23.64 23.74 23.32 23.33 2458358
20110329 23.30 23.43 23.14 23.40 3189476
20110330 23.58 23.75 23.45 23.69 2517299
20110331 23.61 23.89 23.59 23.61 3366874
20110401 23.91 23.96 23.70 23.79 2680537
20110404 23.82 23.88 23.67 23.72 2573707
20110405 23.68 23.84 23.62 23.73 3288708
20110406 23.79 23.82 23.46 23.54 3504095
20110407 23.52 23.61 23.32 23.45 3883181
20110408 23.53 23.66 23.43 23.59 2842048
20110411 23.65 23.84 23.49 23.62 4622933
20110412 23.54 23.55 23.20 23.34 3932682
20110413 23.48 23.61 23.25 23.42 4577116
20110414 23.32 23.63 23.25 23.55 2887750
20110415 23.60 23.91 23.50 23.87 5475847
20110418 23.61 23.61 23.35 23.46 3708085
20110419 23.46 23.58 23.37 23.50 3788668
20110420 23.76 24.26 23.69 24.24 4267102
20110421 24.31 24.35 24.16 24.32 3196729
20110425 24.34 24.40 24.16 24.38 2005711
20110426 24.50 24.80 24.43 24.66 4259389
20110427 24.80 25.12 24.50 25.01 5113108
20110428 24.97 25.17 24.87 25.02 3455055
20110429 25.07 25.32 25.00 25.23 3396114
20110502 25.40 25.40 24.74 24.94 5410344
20110503 24.80 24.87 24.13 24.35 5470897
20110504 24.32 24.58 23.93 24.44 8338847
20110505 24.28 24.34 23.78 24.00 4983945
20110506 24.24 24.68 24.11 24.38 4493079
20110509 24.47 24.70 24.34 24.67 2694466
20110510 24.70 25.01 24.63 24.91 2490591
20110511 24.83 24.84 24.05 24.18 3996960
20110512 24.16 24.26 23.82 24.11 4081831
20110513 24.15 24.39 23.70 23.91 3687018
20110516 23.87 24.08 23.69 23.72 3239045
20110517 23.62 23.77 23.36 23.61 5755996
20110518 23.69 24.11 23.69 23.97 4473907
20110519 24.13 24.27 23.90 24.14 3197408
20110520 24.14 24.22 23.73 24.01 3420425
20110523 23.76 23.87 23.55 23.75 2694451
20110524 23.88 23.98 23.68 23.73 3567353
20110525 23.48 24.04 23.48 23.96 2543986
20110526 23.93 24.02 23.62 23.96 2416565
20110527 23.96 24.19 23.84 23.89 2724225
20110531 24.04 24.22 23.91 24.19 3430235
20110601 24.09 24.18 23.80 23.84 4158033
20110602 23.90 24.02 23.62 23.91 4284885
20110603 23.58 23.98 23.50 23.78 3030402
20110606 23.86 23.98 23.36 23.41 3176989
20110607 23.61 23.91 23.48 23.63 5686524
20110608 23.66 23.70 23.44 23.58 4011675
20110609 23.65 23.91 23.52 23.81 2974619
20110610 23.71 23.76 23.55 23.60 3566326
20110613 23.72 23.81 23.37 23.46 4029927
20110614 23.74 23.95 23.68 23.86 3370346
20110615 23.74 23.74 23.09 23.27 5068352
20110616 23.30 23.48 23.09 23.23 5730557
20110617 23.45 23.56 23.23 23.34 5790104
20110620 23.26 23.56 23.26 23.53 5747440
20110621 23.62 23.99 23.61 23.90 3623934
20110622 23.77 23.91 23.67 23.69 3432516
20110623 23.35 23.48 22.94 23.45 4580567
20110624 23.49 23.51 23.16 23.19 4060956
20110627 23.09 23.48 23.01 23.31 2685325
20110628 23.39 23.67 23.36 23.65 3431832
20110629 23.64 23.96 23.62 23.81 3093486
20110630 23.91 24.04 23.73 24.03 3072610
20110701 24.05 24.39 23.85 24.37 2919635
20110705 24.37 24.52 24.30 24.34 3058008
20110706 24.27 24.40 24.19 24.32 2211116
20110707 24.52 24.55 24.36 24.48 2204841
20110708 24.22 24.33 24.10 24.25 2308764
20110711 23.97 24.12 23.74 23.79 2362265
20110712 23.67 23.94 23.61 23.66 3350953
20110713 23.71 23.95 23.53 23.60 3455674
20110714 23.64 23.88 23.58 23.60 3342739
20110715 23.84 24.06 23.77 24.05 3610131
20110718 23.92 23.94 23.68 23.78 2854270
20110719 23.87 24.10 23.71 23.98 2590415
20110720 24.03 24.03 23.79 23.87 2196856
20110721 24.06 24.32 24.02 24.26 3371144
20110722 24.29 24.37 24.12 24.24 1861704
20110725 23.98 24.24 23.95 24.03 1991179
20110726 24.00 24.06 23.78 23.84 2248760
20110727 23.71 23.91 23.62 23.81 4908077
20110728 23.79 24.08 23.73 23.73 5627319
20110729 23.46 23.91 23.34 23.69 6046887
20110801 23.94 24.01 23.51 23.78 3781814
20110802 23.62 23.76 23.19 23.19 6044149
20110803 23.20 23.48 22.61 23.06 5517237
20110804 22.74 22.83 21.93 22.00 6897202
20110805 22.26 22.41 20.91 21.78 10006772
20110808 21.20 21.49 20.04 20.28 10115257
20110809 20.42 21.35 19.99 21.31 16031528
20110810 21.04 21.59 20.79 20.81 12847970
20110811 20.99 21.98 20.87 21.70 7136382
20110812 21.87 22.28 21.62 21.74 5178687
20110815 21.98 22.46 21.96 22.44 3477399
20110816 22.16 22.39 21.94 22.25 3700852
20110817 22.42 22.75 22.28 22.41 2665408
20110818 21.84 21.93 21.30 21.50 6600659
20110819 21.23 21.72 21.18 21.31 5596702
20110822 21.76 21.82 21.03 21.17 4227997
20110823 21.29 22.03 21.12 22.03 5207127
20110824 21.92 22.64 21.89 22.62 4594437
20110825 22.72 22.96 22.11 22.22 5165596
20110826 22.09 22.63 21.78 22.46 4235220
20110829 22.76 22.98 22.67 22.95 2828935
20110830 22.79 22.98 22.59 22.85 5821960
20110831 23.05 23.14 22.76 23.01 5627963
20110901 23.04 23.19 22.92 22.97 5984810
20110902 22.52 22.74 22.38 22.54 4061311
20110906 21.87 22.09 21.68 22.05 4521082
20110907 22.32 22.61 22.27 22.61 4397618
20110908 22.41 22.71 22.25 22.39 4241540
20110909 22.13 22.18 21.90 22.05 6957845
20110912 21.87 22.36 21.85 22.33 7273162
20110913 22.44 22.46 22.06 22.28 4892939
20110914 22.36 22.83 22.11 22.61 5065042
20110915 22.87 23.02 22.70 22.99 3909746
20110916 23.09 23.30 22.89 23.04 5460373
20110919 22.59 23.10 22.59 22.99 3737868
20110920 23.11 23.30 22.90 22.93 3905684
20110921 22.90 23.12 22.25 22.25 4993718
20110922 21.69 21.88 21.34 21.80 9922093
20110923 21.66 21.97 21.48 21.63 4963473
20110926 21.76 22.21 21.36 22.20 8596160
20110927 22.75 23.01 22.38 22.51 5254300
20110928 22.51 22.51 21.76 21.80 5342214
20110929 22.24 22.29 21.91 22.23 9870179
20110930 21.96 22.21 21.74 21.74 4677950
20111003 21.66 22.12 21.38 21.38 6439841
20111004 21.06 21.87 20.53 21.86 8125555
20111005 21.95 22.23 21.55 22.14 4776247
20111006 22.08 22.60 22.03 22.60 4603691
20111007 22.79 22.80 22.30 22.44 4416014
20111010 22.83 23.13 22.75 23.13 3557413
20111011 22.92 23.12 22.86 22.99 3144251
20111012 23.08 23.18 22.86 22.91 4888199
20111013 22.71 23.18 22.68 23.12 3148427
20111014 23.25 23.61 23.16 23.60 3103736
20111017 23.73 24.06 23.70 23.77 6465685
20111018 23.71 24.67 23.53 24.50 6179598
20111019 24.37 24.92 24.31 24.47 5204757
20111020 24.50 24.67 24.24 24.54 4698490
20111021 24.80 25.04 24.65 25.04 3854447
20111024 25.03 25.32 24.92 25.30 4712145
20111025 25.17 25.25 24.79 24.94 3633026
20111026 25.25 25.57 24.77 25.50 4881766
20111027 25.75 26.36 25.74 26.10 6891938
20111028 26.01 26.08 25.72 25.85 4441406
20111031 25.66 25.76 25.35 25.37 4046301
20111101 24.64 25.01 24.39 24.69 5265360
20111102 25.14 25.52 25.03 25.42 4332501
20111103 25.71 25.81 25.26 25.69 3683021
20111104 25.43 26.05 25.27 25.99 4971034
20111107 26.05 26.34 25.63 26.06 3617565
20111108 25.95 26.60 25.84 26.54 5686944
20111109 25.92 26.36 25.78 25.83 5949070
20111110 26.07 26.25 25.89 25.98 5899774
20111111 26.26 26.36 26.02 26.19 4872400
20111114 26.01 26.12 25.71 25.88 8751630
20111115 25.76 26.08 25.72 25.98 4647945
20111116 25.82 25.85 25.43 25.45 7826758
20111117 25.37 25.68 25.21 25.35 5562309
20111118 25.56 25.92 25.55 25.78 5115187
20111121 25.36 25.42 25.05 25.30 3391867
20111122 25.33 25.52 25.18 25.37 4529234
20111123 25.08 25.31 25.00 25.08 4255372
20111125 25.09 25.43 25.05 25.25 2153787
20111128 25.80 25.85 25.49 25.65 3664723
20111129 25.76 25.93 25.61 25.79 2939827
20111130 26.45 26.69 25.94 26.32 7768297
20111201 26.28 26.36 26.17 26.29 4801643
20111202 26.38 26.80 26.34 26.63 3713571
20111205 26.87 26.87 26.44 26.58 2988228
20111206 26.61 26.72 26.47 26.52 2665294
20111207 26.41 26.61 26.20 26.46 3734474
20111208 26.33 26.38 25.93 26.05 4503636
20111209 26.24 26.49 26.10 26.41 3578205
20111212 26.38 26.38 25.93 26.14 3558420
20111213 26.28 26.69 26.19 26.29 4561427
20111214 26.10 26.25 25.81 25.93 3039200
20111215 26.18 26.21 25.89 26.02 2568939
20111216 26.17 26.39 26.15 26.31 4743964
20111219 26.50 26.50 26.05 26.11 2721296
20111220 26.55 26.94 26.53 26.87 3878112
20111221 26.92 27.31 26.84 27.29 3708877
20111222 27.24 27.38 27.16 27.28 2910429
20111223 27.39 27.73 27.37 27.62 2974702
20111227 27.56 27.81 27.53 27.72 1768256
20111228 27.80 28.03 27.45 27.52 2207553
20111229 27.54 27.62 27.41 27.60 2172230
20111230 27.51 27.64 27.46 27.51 1847843
20120103 26.99 27.83 26.99 27.20 5189745
20120104 27.18 27.62 27.17 27.56 3452676
20120105 27.52 27.65 27.31 27.55 4035611
20120106 27.63 27.63 27.16 27.24 3484533
20120109 27.21 27.30 27.15 27.29 6924578
20120110 27.55 27.65 27.31 27.38 2802449
20120111 27.28 27.47 27.22 27.25 4069481
20120112 27.28 27.61 27.27 27.46 3066921
20120113 27.27 27.82 27.25 27.76 3010249
20120117 28.00 28.28 27.83 28.01 4246541
20120118 28.05 28.09 27.94 27.98 3309038
20120119 28.03 28.15 27.88 28.10 2996611
20120120 28.08 28.22 27.88 28.22 2650874
20120123 28.21 28.53 28.14 28.39 2109074
20120124 28.15 28.36 28.07 28.17 2765673
20120125 28.09 28.38 27.84 28.31 2963077
20120126 28.49 28.61 28.30 28.45 9447575
20120127 28.39 28.47 28.12 28.30 8345420
20120130 28.14 28.39 27.97 28.39 3535729
20120131 28.51 28.53 27.97 28.17 3553614
20120201 28.35 28.55 28.17 28.19 3942051
20120202 28.27 28.42 27.62 27.62 5730315
20120203 27.71 27.74 27.06 27.34 7811668
20120206 27.27 27.58 27.27 27.51 3306243
20120207 27.27 28.08 27.27 28.02 4110504
20120208 28.05 28.11 27.83 27.99 3482185
20120209 28.07 28.20 28.01 28.07 3546659
20120210 27.89 27.93 27.66 27.78 2741613
20120213 27.98 28.04 27.81 27.97 2089444
20120214 28.02 28.07 27.78 27.97 2750918
20120215 27.97 28.06 27.52 27.65 4716066
20120216 27.69 27.93 27.68 27.75 2826693
20120217 27.87 28.04 27.82 27.94 2905458
20120221 28.06 28.28 27.96 28.13 3141311
20120222 28.11 28.33 28.02 28.26 2425886
20120223 28.27 28.67 28.22 28.49 2779057
20120224 28.52 28.77 28.42 28.64 6456659
20120227 28.54 28.63 28.41 28.48 2084902
20120228 28.52 28.59 28.14 28.20 3209331
20120229 28.22 28.50 28.16 28.33 3427016
20120301 28.38 28.54 28.27 28.43 2783599
20120302 28.38 28.56 28.25 28.41 2772188
20120305 28.34 28.40 28.02 28.18 2505095
20120306 27.98 28.09 27.83 27.98 4070987
20120307 27.98 28.24 27.92 27.96 4025234
20120308 28.25 28.63 28.20 28.60 2655757
20120309 28.62 28.73 28.40 28.48 3178644
20120312 28.68 29.02 28.63 28.93 3220076
20120313 29.05 29.05 28.65 28.86 3250209
20120314 28.82 28.98 28.66 28.84 2645787
20120315 28.89 28.98 28.67 28.97 2754463
20120316 28.99 29.12 28.89 28.94 3890081
20120319 28.98 29.13 28.85 29.02 1932910
20120320 28.85 28.89 28.69 28.81 2236229
20120321 28.79 28.83 28.63 28.79 1960384
20120322 28.64 28.77 28.52 28.65 2384011
20120323 28.66 28.76 28.53 28.56 3765895
20120326 28.70 29.08 28.62 28.66 2840319
20120327 28.67 28.86 28.63 28.81 2737735
20120328 28.76 28.80 28.41 28.53 2204656
20120329 28.39 28.55 28.09 28.47 1979549
20120330 28.57 28.66 28.36 28.48 3026653
20120402 28.48 28.70 28.34 28.50 4006734
20120403 28.44 28.52 28.15 28.34 2956307
20120404 28.22 28.45 28.07 28.34 2978463
20120405 28.22 28.49 28.21 28.32 1816811
20120409 28.13 28.24 27.91 28.14 2229582
20120410 28.06 28.16 27.22 27.22 4796825
20120411 27.41 27.47 27.22 27.23 3089244
20120412 27.20 27.54 27.20 27.49 3096888
20120413 27.38 27.65 27.37 27.38 2907009
20120416 27.48 27.53 26.95 27.10 7004472
20120417 27.31 27.51 27.20 27.49 3431336
20120418 27.36 27.56 27.33 27.49 3011032
20120419 27.41 27.54 27.25 27.42 3063764
20120420 27.49 27.60 27.29 27.32 3994991
20120423 27.21 27.24 26.87 26.93 3708511
20120424 26.99 27.16 26.96 27.13 3572582
20120425 27.27 27.31 27.06 27.12 3897282
20120426 27.10 27.60 27.10 27.52 3692558
20120427 27.59 27.65 27.41 27.57 2865688
20120430 27.56 27.78 27.50 27.75 4220431
20120501 27.70 28.50 27.66 28.44 5267313
20120502 28.33 28.39 28.03 28.37 5292571
20120503 28.24 28.33 27.67 27.67 5343862
20120504 27.24 27.72 27.08 27.36 4684382
20120507 27.21 27.57 27.10 27.44 3138098
20120508 27.26 27.44 26.88 27.41 4924223
20120509 27.06 27.38 26.69 27.17 5079340
20120510 27.34 27.65 27.28 27.44 3134841
20120511 27.34 27.71 27.30 27.52 3304419
20120514 27.30 27.33 26.92 26.94 2747499
20120515 26.88 27.05 26.62 26.69 2848149
20120516 26.73 26.82 26.26 26.31 5832070
20120517 26.29 26.36 25.79 25.80 5700030
20120518 25.83 26.35 25.72 25.82 5281736
20120521 25.84 26.28 25.77 26.26 2847381
20120522 26.42 26.68 26.28 26.41 4015770
20120523 26.20 26.24 25.86 26.14 4145945
20120524 26.25 26.53 26.06 26.28 3621734
20120525 26.25 26.51 26.25 26.32 2501528
20120529 26.43 26.69 26.35 26.59 2768134
20120530 26.47 26.62 26.11 26.11 4666424
20120531 26.14 26.30 25.72 26.16 5197441
20120601 25.72 25.87 25.37 25.40 3782092
20120604 25.48 25.56 25.15 25.27 3876266
20120605 25.22 25.47 25.10 25.40 3395519
20120606 25.57 25.77 25.51 25.67 7151818
20120607 25.93 26.00 25.67 25.76 3397385
20120608 25.65 25.74 25.30 25.34 4720865
20120611 25.67 25.67 25.24 25.31 5837668
20120612 25.41 25.56 25.30 25.43 5336177
20120613 25.30 25.36 24.93 25.07 3950354
20120614 25.14 25.36 25.01 25.25 3959683
20120615 25.52 25.53 25.24 25.52 5020838
20120618 25.43 25.50 25.21 25.25 3402873
20120619 25.38 25.60 25.34 25.53 4594203
20120620 25.51 25.56 25.19 25.40 3596269
20120621 25.46 25.56 24.98 25.03 7062145
20120622 25.15 25.62 25.06 25.46 12208218
20120625 25.36 25.39 25.14 25.36 4018514
20120626 25.36 25.51 25.21 25.33 3722932
20120627 25.37 25.73 25.37 25.71 3156353
20120628 25.71 26.28 25.66 26.28 5919219
20120629 26.65 26.79 26.34 26.48 4353939
20120702 26.57 26.73 26.38 26.51 4818112
20120703 26.59 26.73 26.41 26.56 2419319
20120705 26.44 26.69 26.24 26.58 4042881
20120706 26.38 26.58 26.24 26.54 2963945
20120709 26.49 26.51 26.28 26.42 2616776
20120710 26.50 26.64 26.27 26.38 4052320
20120711 26.33 26.63 26.32 26.57 2718962
20120712 26.37 26.73 26.31 26.66 3205306
20120713 26.73 27.05 26.68 27.01 3112998
20120716 26.91 27.30 26.88 27.25 3125072
20120717 27.27 27.33 27.00 27.31 4162738
20120718 27.18 27.66 27.18 27.61 3133304
20120719 27.61 27.72 27.48 27.68 2346987
20120720 27.46 27.72 27.33 27.71 3692638
20120723 27.52 27.54 27.13 27.41 3569817
20120724 27.42 27.57 26.82 27.01 2931127
20120725 27.12 27.18 26.94 27.05 2436331
20120726 27.35 27.58 27.25 27.53 2238215
20120727 27.67 27.97 27.52 27.90 2963506
20120730 27.93 28.23 27.89 28.10 2978653
20120731 28.10 28.24 27.91 27.96 2641582
20120801 28.09 28.23 27.71 27.83 8083237
20120802 26.34 27.26 26.04 26.95 4877053
20120803 27.06 27.22 26.83 27.07 4333853
20120806 27.12 27.31 27.07 27.14 2425794
20120807 27.30 27.35 27.04 27.08 3434264
20120808 27.17 27.17 26.65 26.68 3488998
20120809 26.61 26.86 26.54 26.64 2599733
20120810 26.57 26.99 26.53 26.94 3505416
20120813 26.81 26.94 26.69 26.87 2150915
20120814 26.91 27.16 26.84 27.08 2866437
20120815 27.11 27.22 26.98 27.07 2387284
20120816 27.06 27.21 26.89 26.99 2531345
20120817 26.79 26.84 26.72 26.84 2759560
20120820 26.82 26.97 26.82 26.97 1697747
20120821 26.97 27.03 26.75 26.84 1877579
20120822 26.78 26.84 26.63 26.72 2830231
20120823 26.72 26.72 26.46 26.53 2798375
20120824 26.51 26.58 26.40 26.54 2330203
20120827 26.53 26.65 26.50 26.53 1818324
20120828 26.50 26.60 26.35 26.42 2220717
20120829 26.50 26.51 26.28 26.31 2452084
20120830 26.22 26.32 26.19 26.23 1979781
20120831 26.07 26.13 25.77 25.99 3665568
20120904 26.00 26.20 25.88 26.19 3051379
20120905 26.28 26.33 26.02 26.03 3271330
20120906 26.19 26.38 26.17 26.32 3584242
20120907 26.40 26.65 26.35 26.64 3128791
20120910 26.87 26.87 26.41 26.42 3528683
20120911 26.47 26.65 26.30 26.36 3039201
20120912 26.46 26.49 26.18 26.20 3708950
20120913 26.21 26.54 26.07 26.50 4133305
20120914 26.52 26.76 26.39 26.49 3171629
20120917 26.47 26.66 26.40 26.66 8109393
20120918 26.59 26.72 26.56 26.65 2824469
20120919 26.61 26.72 26.56 26.66 2830883
20120920 26.48 26.63 26.43 26.55 3188155
20120921 26.67 26.78 26.60 26.73 4434148
20120924 26.65 26.98 26.57 26.93 3539121
20120925 26.96 27.17 26.91 26.91 4865027
20120926 26.91 27.05 26.69 26.80 3643280
20120927 26.86 26.96 26.71 26.91 2358906
20120928 26.86 27.04 26.76 27.00 2985165
20121001 27.09 27.41 27.04 27.19 3050183
20121002 27.31 27.45 27.22 27.27 2517754
20121003 27.30 27.35 27.18 27.28 2579945
20121004 27.43 27.69 27.36 27.56 1817998
20121005 27.68 27.79 27.48 27.57 2266490
20121008 27.51 27.57 27.40 27.41 1876818
20121009 27.42 27.56 27.31 27.50 3587830
20121010 27.46 27.51 27.13 27.15 3024089
20121011 27.32 27.40 27.04 27.06 2618978
20121012 27.03 27.11 26.66 26.70 2943740
20121015 26.72 26.89 26.65 26.84 2479048
20121016 26.99 27.37 26.95 27.35 2997233
20121017 27.42 27.75 27.35 27.74 3593592
20121018 27.71 27.75 27.34 27.35 2086006
20121019 27.42 27.56 27.10 27.24 3117484
20121022 27.17 27.33 27.03 27.14 2485354
20121023 26.92 26.97 26.55 26.68 3561518
20121024 26.81 27.03 26.50 26.54 3311558
20121025 26.72 26.89 26.64 26.78 3599355
20121026 26.82 26.86 26.47 26.69 2728138
20121031 26.86 26.87 26.41 26.55 3666982
20121101 26.49 26.55 26.10 26.35 5763751
20121102 26.36 26.36 25.77 25.82 5198814
20121105 25.84 26.07 25.71 26.03 4480357
20121106 26.08 26.41 26.04 26.30 3995006
20121107 26.29 26.29 25.81 25.84 4260471
20121108 25.80 25.94 25.64 25.71 3787289
20121109 25.64 25.75 25.51 25.51 3241069
20121112 25.55 25.56 25.29 25.31 3828379
20121113 25.18 25.52 25.11 25.30 3356272
20121114 25.30 25.38 25.09 25.16 5438103
20121115 25.14 25.28 24.69 24.86 3596574
20121116 24.89 25.74 24.87 25.74 8073683
20121119 25.94 26.10 25.69 25.77 3679615
20121120 25.76 25.85 25.63 25.78 2460893
20121121 25.85 25.94 25.77 25.87 2523604
20121123 25.86 26.15 25.85 26.10 1594342
20121126 25.97 26.08 25.76 25.83 2486817
20121127 25.84 25.96 25.67 25.75 3069071
20121128 25.64 26.01 25.57 25.98 2390222
20121129 26.04 26.11 25.69 25.76 3694459
20121130 25.79 26.07 25.74 25.98 4390734
20121203 26.06 26.10 25.73 25.74 2659675
20121204 25.79 25.84 25.47 25.47 2769607
20121205 25.57 25.66 25.42 25.51 3277641
20121206 25.53 25.68 25.40 25.47 3422317
20121207 25.54 25.62 25.31 25.40 3569898
20121210 25.44 25.70 25.38 25.42 3337771
20121211 24.91 25.42 24.91 25.35 6765897
20121212 25.09 25.33 25.01 25.17 14294113
20121213 25.20 25.32 24.95 25.21 6149436
20121214 25.21 25.50 25.12 25.28 4573273
20121217 25.34 25.73 25.34 25.66 4655453
20121218 25.69 25.92 25.58 25.72 5794254
20121219 25.88 25.88 25.63 25.65 3791053
20121220 25.71 25.89 25.66 25.85 3994245
20121221 25.78 25.85 25.48 25.60 7816708
20121224 25.57 25.65 25.42 25.50 1208288
20121226 25.53 25.57 25.07 25.15 2725828
20121227 25.11 25.23 24.70 24.99 3787826
20121228 24.83 25.31 24.68 25.07 4245197
20121231 25.00 25.47 24.85 25.45 4619096
20130102 25.84 26.09 25.81 26.09 4521104
20130103 26.10 26.36 26.06 26.21 3884851
20130104 26.28 26.40 26.21 26.34 3966709
20130107 26.20 26.26 26.01 26.10 4027591
20130108 26.06 26.20 25.95 26.01 4164630
20130109 26.01 26.09 25.74 25.86 4884891
20130110 26.00 26.03 25.87 25.92 3672731
20130111 25.96 25.99 25.63 25.66 6014011
20130114 25.72 26.03 25.58 25.74 6136959
20130115 25.68 25.77 25.52 25.69 9668455
20130116 25.69 26.01 25.57 25.58 7556614
20130117 25.67 25.68 25.11 25.36 11181047
20130118 25.30 25.38 25.17 25.28 9350383
20130122 25.27 25.61 25.25 25.49 10455300
20130123 25.46 25.54 25.25 25.30 5835882
20130124 25.38 25.58 25.09 25.10 6229788
20130125 25.11 25.27 24.97 25.18 10201660
20130128 25.25 25.34 25.17 25.28 6112972
20130129 25.33 25.78 25.26 25.76 7359983
20130130 25.82 25.99 25.67 25.74 5996370
20130131 25.68 25.87 25.67 25.83 4611782
20130201 25.97 26.33 25.83 26.26 7844890
20130204 26.20 26.28 25.99 26.01 4630175
20130205 26.15 26.35 25.95 26.27 6081885
20130206 26.21 27.28 26.20 27.23 10800049
20130207 27.16 27.54 27.05 27.35 7012545
20130208 27.43 27.56 27.37 27.50 17816790
20130211 27.53 27.61 27.35 27.47 15055142
20130212 27.46 27.83 27.33 27.74 17082328
20130213 27.70 27.82 27.60 27.65 4481813
20130214 27.58 27.80 27.57 27.76 4892028
20130215 27.76 27.89 27.54 27.67 4708799
20130219 27.76 28.01 27.66 27.93 3701733
20130220 27.86 28.04 27.78 27.79 4794505
20130221 27.73 27.73 27.31 27.56 5173632
20130222 27.61 27.80 27.45 27.73 4356928
20130225 27.87 28.07 27.20 27.21 5596623
20130226 27.40 27.47 26.96 27.24 4206490
20130227 27.16 27.38 27.00 27.22 4378647
20130228 27.29 27.41 27.23 27.28 3944689
20130301 27.21 27.22 26.96 27.06 4267496
20130304 26.97 27.27 26.83 27.25 2708614
20130305 27.35 27.50 27.21 27.43 2744493
20130306 27.47 27.52 27.10 27.15 3537561
20130307 27.16 27.36 27.04 27.06 4259404
20130308 27.16 27.50 27.16 27.45 4189136
20130311 27.45 27.58 27.21 27.53 4195098
20130312 27.57 27.67 27.12 27.19 4185091
20130313 27.21 27.26 26.95 27.01 3789142
20130314 27.03 27.15 26.96 27.05 4113971
20130315 26.95 27.21 26.83 27.19 5860447
20130318 27.05 27.13 26.88 27.01 2857347
20130319 27.07 27.12 26.81 26.84 3375307
20130320 26.99 27.16 26.87 27.11 2855750
20130321 27.09 27.45 27.03 27.27 2612687
20130322 27.34 27.71 27.29 27.69 4081392
20130325 27.79 28.01 27.66 27.77 3475172
20130326 27.85 28.17 27.76 28.10 5448102
20130327 27.93 28.54 27.92 28.39 3985253
20130328 28.42 29.06 28.42 28.88 6314314
20130401 28.84 28.88 28.58 28.84 2860648
20130402 28.84 29.06 28.77 28.90 4045832
20130403 28.86 28.88 28.14 28.22 6509892
20130404 28.21 28.55 28.09 28.34 3049732
20130405 28.14 28.25 27.94 28.11 3095726
20130408 28.09 28.48 28.09 28.48 2610984
20130409 28.55 28.79 28.45 28.59 3935640
20130410 28.65 29.01 28.65 28.84 3125217
20130411 28.92 28.96 28.63 28.88 3078052
20130412 28.76 28.79 28.44 28.68 2594375
20130415 28.52 28.63 28.14 28.14 3314514
20130416 28.14 28.52 27.94 28.45 3315472
20130417 28.30 28.32 27.94 28.17 2587881
20130418 28.43 28.68 28.26 28.60 3423962
20130419 28.70 28.84 28.51 28.71 4932379
20130422 28.80 28.86 28.69 28.74 2705100
20130423 28.80 28.92 28.49 28.81 3170359
20130424 28.87 29.30 28.80 29.07 3502215
20130425 29.14 29.52 29.04 29.10 10846165
20130426 29.13 29.40 28.89 29.28 11590046
20130429 29.29 29.52 29.27 29.46 11508812
20130430 29.47 29.61 29.34 29.61 3566946
20130501 29.52 29.61 28.85 28.94 4664083
20130502 28.93 29.12 28.84 29.01 4947178
20130503 29.21 29.35 28.78 29.06 4353627
20130506 29.04 29.24 29.00 29.06 3463248
20130507 29.13 29.28 29.09 29.26 3481773
20130508 29.15 29.48 29.09 29.37 3310103
20130509 29.39 29.41 29.04 29.19 2601759
20130510 29.15 29.26 29.02 29.21 2310262
20130513 29.22 29.55 29.05 29.51 3473827
20130514 29.56 29.74 29.41 29.57 3610667
20130515 29.57 29.94 29.42 29.90 3553211
20130516 29.88 29.96 29.72 29.73 3229876
20130517 29.90 30.19 29.77 30.05 3165356
20130520 30.03 30.20 29.97 30.18 2475778
20130521 30.23 30.40 30.02 30.30 2546412
20130522 30.26 30.37 29.89 30.00 2387327
20130523 29.76 29.87 29.51 29.83 2190289
20130524 29.64 29.78 29.52 29.73 1910705
20130528 30.00 30.04 29.43 29.53 2485477
20130529 29.44 29.44 28.97 29.22 3419428
20130530 29.28 29.54 29.09 29.28 3315164
20130531 29.18 29.46 29.00 29.00 3794000
20130603 29.10 29.35 28.94 29.31 4062831
20130604 29.28 29.46 28.71 28.77 4144324
20130605 28.64 28.69 28.26 28.26 5566388
20130606 28.28 28.49 28.10 28.42 4961465
20130607 28.51 29.07 28.51 29.02 3402666
20130610 29.27 29.28 28.79 29.18 3082915
20130611 29.01 29.13 28.71 28.76 2581940
20130612 31.30 32.21 31.21 31.95 20749660
20130613 31.88 32.39 31.49 32.33 7884873
20130614 32.17 32.66 32.01 32.57 5362709
20130617 32.58 33.04 32.46 32.81 7079645
20130618 32.74 32.96 32.65 32.88 4424435
20130619 32.81 32.96 32.46 32.48 5458329
20130620 32.26 32.26 31.43 31.86 7135625
20130621 32.17 32.28 31.43 31.93 5023455
20130624 31.80 32.26 31.40 31.80 4494332
20130625 32.04 32.39 31.72 32.36 5376941
20130626 32.52 32.76 32.36 32.55 3795159
20130627 32.82 33.00 32.48 32.49 2871645
20130628 32.35 32.91 32.25 32.69 4327867
20130701 32.97 33.14 32.73 32.90 3755625
20130702 32.81 32.96 32.63 32.84 3022928
20130703 32.76 32.82 32.50 32.74 1669073
20130705 32.90 33.16 32.64 33.07 2423698
20130708 33.20 33.69 33.12 33.61 3501659
20130709 33.70 33.95 33.63 33.76 2180485
20130710 33.74 33.80 33.28 33.47 3349954
20130711 33.88 33.98 33.55 33.80 2675029
20130712 33.68 33.79 33.29 33.78 3229454
20130715 33.64 34.15 33.57 34.02 3205312
20130716 34.05 34.15 33.63 33.83 2974750
20130717 33.92 34.19 33.86 34.02 2492646
20130718 34.08 34.32 33.96 34.28 2735437
20130719 34.24 34.50 34.22 34.46 2858045
20130722 34.53 34.54 34.19 34.32 1758262
20130723 34.28 34.59 34.06 34.13 2521953
20130724 34.19 34.31 33.76 33.87 2523008
20130725 33.89 34.60 33.86 34.49 13944646
20130726 34.37 34.93 34.35 34.86 12905376
20130729 34.81 35.20 34.46 34.49 13359648
20130730 34.55 34.65 34.15 34.20 2822834
20130731 34.24 34.38 33.88 34.14 3265298
20130801 34.37 34.60 34.24 34.55 2816297
20130802 34.46 34.48 33.86 34.14 3593378
20130805 34.04 34.27 33.90 34.16 2948288
20130806 34.19 34.53 33.35 33.67 6066098
20130807 33.81 33.81 33.06 33.63 6473861
20130808 33.75 33.88 33.62 33.64 4763106
20130809 33.57 33.74 33.29 33.32 2898605
20130812 33.18 33.43 33.16 33.29 3222194
20130813 33.29 33.30 32.86 32.88 2401621
20130814 32.74 32.89 32.58 32.66 3094368
20130815 32.54 32.54 32.25 32.36 2502481
20130816 32.25 32.25 31.97 32.09 6644644
20130819 32.03 32.22 31.84 32.04 3632950
20130820 32.08 32.29 32.01 32.13 2959853
20130821 32.11 32.24 31.86 32.12 3875119
20130822 32.18 32.24 31.96 32.10 2522757
20130823 32.17 32.31 32.06 32.08 4162231
20130826 32.16 32.38 31.95 31.98 2923376
20130827 31.88 32.14 31.67 32.00 2855335
20130828 31.98 32.16 31.89 31.92 2969259
20130829 31.76 31.94 31.65 31.67 2466631
20130830 31.75 31.86 31.56 31.68 3542542
20130903 31.89 31.92 31.32 31.39 3274662
20130904 31.32 31.64 31.30 31.43 6595625
20130905 31.39 31.45 31.16 31.17 2870281
20130906 31.29 31.53 31.17 31.37 2996957
20130909 31.42 31.74 31.41 31.72 2703679
20130910 31.75 31.98 31.63 31.95 3594070
20130911 31.96 31.97 31.52 31.70 2936336
20130912 31.70 31.83 31.56 31.60 1985638
20130913 31.59 32.24 31.58 32.13 5369940
20130916 32.54 32.54 31.94 31.98 3923511
20130917 31.97 32.03 31.79 32.03 1850391
20130918 32.01 32.85 31.90 32.66 3847422
20130919 32.67 32.98 32.65 32.78 4271871
20130920 32.84 32.84 32.41 32.59 4283577
20130923 32.38 32.82 32.23 32.71 3216863
20130924 32.71 32.85 32.52 32.68 2814259
20130925 32.69 32.79 32.40 32.54 2459628
20130926 32.59 32.97 32.58 32.97 2179728
20130927 32.72 32.77 32.44 32.69 2525684
20130930 32.56 32.85 32.45 32.75 3527073
20131001 32.72 33.19 32.70 33.17 2818858
20131002 33.01 33.47 32.75 33.31 3552994
20131003 33.15 33.24 32.71 32.94 2254877
20131004 32.94 33.19 32.85 33.09 2275467
20131007 32.77 32.90 32.62 32.75 2074374
20131008 32.84 33.08 32.61 32.62 3036883
20131009 32.63 32.69 32.27 32.50 2588395
20131010 32.65 32.96 32.47 32.90 2638877
20131011 32.82 33.42 32.79 33.33 1971005
20131014 33.14 33.21 32.71 33.10 2714235
20131015 33.06 33.15 32.73 32.90 2864637
20131016 33.12 33.48 32.99 33.38 3363920
20131017 33.35 33.53 33.20 33.49 2280589
20131018 33.55 33.82 33.48 33.78 3339986
20131021 33.72 34.06 33.64 34.06 2947415
20131022 34.19 34.58 34.14 34.44 3050261
20131023 34.28 34.40 33.75 33.87 3242993
20131024 33.95 34.24 33.88 34.17 1689538
20131025 34.23 34.43 34.01 34.40 2030476
20131028 34.40 34.60 34.08 34.10 3199618
20131029 34.12 34.40 34.12 34.30 2043123
20131030 34.39 34.40 33.85 34.01 2346853
20131031 34.08 34.27 33.75 34.03 2868608
20131101 34.26 34.26 33.75 33.87 2812378
20131104 34.13 34.45 33.26 33.85 4624829
20131105 33.77 33.97 33.50 33.69 6123516
20131106 33.68 34.01 33.58 33.76 2267983
20131107 33.71 33.77 32.79 32.84 4454837
20131108 32.71 32.93 32.28 32.93 3712968
20131111 33.01 33.03 32.67 32.90 1978799
20131112 32.88 33.15 32.80 32.99 3776483
20131113 32.87 32.95 32.70 32.91 2203743
20131114 32.92 33.35 32.83 32.88 2786254
20131115 32.87 33.15 32.86 33.14 3037930
20131118 33.21 33.24 32.90 32.96 2456144
20131119 32.96 33.08 32.72 32.80 2265082
20131120 32.91 32.93 32.35 32.46 3049949
20131121 32.65 32.65 32.43 32.61 2731443
20131122 32.55 33.07 32.45 32.87 3025186
20131125 32.88 32.96 32.70 32.88 2648553
20131126 32.96 32.96 32.68 32.71 3894291
20131127 32.75 32.75 32.43 32.50 2418118
20131129 32.60 32.64 32.35 32.38 1667131
20131202 32.44 32.48 31.96 32.26 2249850
20131203 31.87 32.65 31.71 32.49 3608941
20131204 32.27 32.44 31.69 32.22 3610702
20131205 32.22 32.25 31.85 32.11 2512095
20131206 32.35 32.80 32.10 32.80 3733794
20131209 32.91 33.22 32.81 32.97 3463365
20131210 32.78 32.97 32.26 32.29 4701332
20131211 32.35 32.36 31.90 31.97 3871289
20131212 31.91 32.27 31.78 32.19 3430519
20131213 32.14 32.34 31.97 32.06 2860545
20131216 32.34 32.34 31.95 32.04 3173974
20131217 31.98 32.09 31.66 31.85 3002287
20131218 31.90 32.46 31.72 32.44 3695768
20131219 32.37 32.86 32.31 32.71 3295512
20131220 32.80 33.10 32.51 32.97 7015940
20131223 33.10 33.55 33.05 33.27 2530123
20131224 33.26 33.35 33.14 33.27 790670
20131226 33.24 33.74 33.24 33.62 1607036
20131227 33.50 33.83 33.43 33.70 1462910
20131230 33.75 34.03 33.69 33.92 2227056
20131231 34.09 34.49 34.04 34.38 3422852
20140102 34.25 34.32 33.71 33.93 2673213
20140103 33.99 34.09 33.78 33.95 1817370
20140106 33.98 34.24 33.88 34.12 2664716
20140107 34.19 34.42 34.11 34.25 2560378
20140108 33.91 34.02 33.60 33.68 3011820
20140109 33.70 33.83 33.27 33.55 2904477
20140110 33.75 34.05 33.62 33.96 2841687
20140113 33.96 34.01 33.26 33.35 3206405
20140114 33.40 33.53 33.20 33.46 2701603
20140115 33.49 33.56 33.04 33.32 2914113
20140116 33.45 33.90 33.35 33.86 3467302
20140117 33.97 33.98 33.73 33.87 3017622
20140121 34.00 34.26 33.92 34.13 2996796
20140122 34.26 34.36 34.06 34.07 2686164
20140123 33.88 33.98 33.57 33.88 2719528
20140124 33.63 33.92 33.44 33.44 3516104
20140127 33.48 33.66 33.05 33.32 2639124
20140128 33.39 33.91 33.32 33.90 1958180
20140129 33.63 34.41 33.63 33.99 3110148
20140130 34.74 35.06 34.57 34.95 4363864
20140131 34.60 35.08 34.50 34.70 4130424
20140203 34.68 34.93 34.03 34.11 4358269
20140204 34.46 35.57 34.22 35.32 5860138
20140205 33.68 35.06 33.14 34.56 5859102
20140206 34.49 35.37 34.45 35.28 3898124
20140207 35.50 36.07 35.36 35.51 3366176
20140210 35.31 35.73 35.06 35.73 4410697
20140211 35.71 36.60 35.63 36.41 5077654
20140212 36.41 36.41 35.83 35.91 3772835
20140213 35.83 36.30 35.79 36.10 2648861
20140214 36.09 36.19 35.88 36.08 2015657
20140218 36.08 36.36 36.03 36.07 2499032
20140219 35.97 36.47 35.92 36.15 2907134
20140220 36.19 36.92 36.18 36.74 3091057
20140221 36.68 37.00 36.54 36.65 3165715
20140224 36.74 37.05 36.50 36.54 3719435
20140225 36.52 36.73 36.26 36.37 2967312
20140226 36.34 36.55 36.21 36.26 2360500
20140227 36.18 36.34 35.78 35.96 3273953
20140228 36.23 36.38 36.07 36.30 2655639
20140303 36.17 36.29 35.78 36.03 2864208
20140304 36.43 36.78 36.19 36.67 3649501
20140305 36.73 36.88 36.20 36.33 2822104
20140306 36.33 36.51 36.24 36.34 1966672
20140307 36.41 36.57 36.10 36.43 2505810
20140310 36.46 36.51 36.06 36.09 2416570
20140311 36.09 36.12 35.43 35.78 2943898
20140312 35.54 35.71 35.45 35.69 2155422
20140313 35.76 35.77 35.27 35.46 2499649
20140314 35.29 35.82 35.26 35.62 2267563
20140317 35.73 35.87 35.56 35.81 1849808
20140318 35.80 36.22 35.80 36.04 1908753
20140319 36.13 36.14 35.44 35.54 2859074
20140320 35.46 35.57 35.14 35.54 2908983
20140321 36.51 36.51 35.63 35.67 5337157
20140324 35.70 35.78 35.31 35.43 2382168
20140325 35.50 35.54 35.28 35.43 2023153
20140326 35.47 35.94 35.46 35.55 3255982
20140327 35.61 35.97 35.36 35.89 2115372
20140328 35.98 36.04 35.68 35.85 1818589
20140331 36.15 36.23 35.74 35.97 3174444
20140401 36.27 36.70 36.20 36.70 2516490
20140402 36.69 36.75 36.48 36.69 2703083
20140403 36.78 36.96 36.53 36.74 1844468
20140404 36.94 37.32 36.74 36.93 2449637
20140407 36.98 37.16 36.45 36.47 1932989
20140408 36.49 37.03 36.24 36.91 3036835
20140409 36.91 37.19 36.72 37.12 1980638
20140410 37.06 37.36 36.88 37.08 3362372
20140411 37.05 37.29 36.88 37.04 2770861
20140414 37.31 37.40 37.08 37.32 2684085
20140415 37.32 37.83 37.21 37.78 3317700
20140416 38.06 38.25 37.83 38.17 2210568
20140417 38.03 38.42 37.99 38.31 2014014
20140421 38.37 38.55 38.16 38.39 2117939
20140422 38.46 38.46 37.95 38.01 3179168
20140423 38.00 38.34 37.97 38.21 1669992
20140424 38.22 38.43 38.01 38.06 2393464
20140425 38.06 38.12 37.81 37.95 1617516
20140428 38.17 38.34 37.87 38.18 2802798
20140429 38.35 38.74 38.34 38.53 2431460
20140430 38.49 39.09 38.40 38.67 3436311
20140501 38.54 38.79 38.34 38.58 1758719
20140502 38.63 38.69 38.16 38.38 2217038
20140505 38.32 38.67 38.31 38.56 2068749
20140506 38.51 38.66 38.15 38.23 3646626
20140507 38.10 38.84 37.42 38.47 4315194
20140508 38.57 39.26 38.57 38.82 3318612
20140509 38.87 39.03 38.68 38.72 2265930
20140512 38.82 39.03 38.77 38.90 1951520
20140513 38.90 39.08 38.75 39.04 2626157
20140514 39.15 39.19 38.86 39.10 2591845
20140515 38.95 39.02 38.64 38.95 2614856
20140516 38.89 39.16 38.87 38.95 2410102
20140519 38.95 39.08 38.79 38.90 1994181
20140520 38.88 39.13 38.79 38.98 2078384
20140521 39.17 39.56 39.14 39.47 2199953
20140522 39.50 39.90 39.50 39.83 2243428
20140523 39.79 40.18 39.71 40.16 2544908
20140527 40.18 40.26 39.82 39.87 1972291
20140528 39.91 40.23 39.69 40.07 2027170
20140529 40.17 40.19 39.85 39.99 1349987
20140530 39.98 40.13 39.82 39.86 3991722
20140602 40.02 40.61 39.99 40.55 2572805
20140603 40.48 40.61 40.06 40.12 2459585
20140604 40.08 40.18 39.88 40.16 1742185
20140605 40.17 40.80 40.15 40.69 1711334
20140606 40.70 40.99 40.53 40.96 1595976
20140609 40.78 41.00 40.61 40.75 1540995
20140610 40.75 40.84 40.51 40.55 1436328
20140611 40.57 40.60 40.15 40.39 1676411
20140612 40.54 40.66 40.09 40.24 1949687
20140613 40.44 40.46 40.09 40.44 1985527
20140616 40.58 41.25 40.46 41.05 2880393
20140617 40.88 41.06 40.57 40.59 2744977
20140618 40.52 40.79 40.11 40.76 3501781
20140619 40.76 41.51 40.60 41.27 4770518
20140620 41.17 41.49 41.05 41.25 6057073
20140623 41.26 41.49 41.20 41.41 2759232
20140624 41.41 41.82 41.22 41.35 3410044
20140625 41.19 41.56 41.10 41.53 2987301
20140626 41.50 41.56 41.20 41.54 2718709
20140627 41.47 41.85 41.44 41.74 2195269
20140630 41.55 41.75 41.36 41.72 2471600
20140701 41.85 41.96 41.58 41.69 2544602
20140702 41.55 41.76 41.46 41.56 2724410
20140703 41.43 41.62 41.21 41.61 2148128
20140707 41.55 41.70 41.33 41.46 2458567
20140708 41.30 41.63 41.30 41.52 2548573
20140709 41.52 41.88 41.26 41.80 2284257
20140710 41.35 41.96 41.35 41.90 2565576
20140711 41.83 42.08 41.59 41.94 2914909
20140714 42.06 42.14 41.93 42.00 1642099
20140715 41.89 41.97 41.59 41.75 2537068
20140716 41.88 42.02 41.80 41.93 2155968
20140717 41.86 42.11 41.58 41.64 2701807
20140718 41.74 42.09 41.58 42.05 2111678
20140721 41.85 41.96 41.51 41.68 1851231
20140722 41.90 42.26 41.72 42.23 2315515
20140723 42.14 42.32 41.85 41.99 1751145
20140724 42.12 42.35 41.92 42.09 2057206
20140725 41.99 42.06 41.75 41.82 1488356
20140728 41.83 42.07 41.75 41.95 1542930
20140729 41.90 42.18 41.84 41.89 2361230
20140730 41.93 42.10 41.32 41.42 2664033
20140731 41.24 41.27 40.18 40.19 5894778
20140801 40.07 40.39 39.67 39.83 4297987
20140804 39.92 40.23 39.51 40.14 3748890
20140805 40.12 40.22 39.32 39.50 4324867
20140806 39.29 39.78 38.58 39.32 2828060
20140807 39.43 39.60 38.97 39.05 3080158
20140808 39.08 39.45 38.86 39.43 3619373
20140811 39.74 40.12 39.36 39.37 4196958
20140812 39.35 39.63 39.12 39.59 3504987
20140813 39.84 40.05 39.61 39.65 2602617
20140814 39.73 39.96 39.56 39.64 2460265
20140815 39.67 40.25 39.67 40.25 6910731
20140818 40.33 40.39 39.81 39.87 2704686
20140819 39.87 40.44 39.87 40.40 3135780
20140820 40.39 40.67 40.17 40.41 2779093
20140821 40.51 40.87 40.44 40.55 2269049
20140822 40.36 40.55 40.25 40.32 1355170
20140825 40.54 40.67 40.33 40.44 1436341
20140826 40.47 40.73 40.36 40.60 1324680
20140827 40.60 40.81 40.29 40.75 3607460
20140828 40.62 41.20 40.44 41.09 2073492
20140829 41.29 41.29 41.03 41.26 1687930
20140902 41.20 41.38 40.92 41.32 2645323
20140903 41.50 41.68 41.36 41.39 2369301
20140904 41.45 41.66 41.20 41.35 2320740
20140905 41.27 41.76 41.26 41.76 2115693
20140908 41.66 41.78 41.21 41.33 2149312
20140909 41.46 41.49 40.80 41.04 2240377
20140910 40.89 41.06 40.17 40.51 3331842
20140911 40.29 40.46 40.03 40.26 2523364
20140912 40.10 40.25 39.33 39.46 3144564
20140915 39.42 39.79 39.17 39.72 3341333
20140916 39.62 40.48 39.62 40.31 2981212
20140917 40.48 40.54 39.95 40.15 1972331
20140918 40.23 40.39 39.81 39.90 3299031
20140919 40.06 40.19 39.90 40.06 3614426
20140922 39.88 39.98 39.41 39.61 2760416
20140923 39.58 39.79 39.38 39.38 2731440
20140924 39.27 39.33 38.81 38.95 4871060
20140925 38.98 39.03 38.27 38.43 4341632
20140926 38.36 38.96 38.18 38.81 2269756
20140929 38.53 38.92 38.42 38.86 2184143
20140930 38.79 39.25 38.63 38.89 4259957
20141001 38.84 39.15 38.57 38.61 3155568
20141002 38.53 38.69 38.00 38.42 4012608
20141003 38.66 38.97 38.36 38.89 3146987
20141006 38.96 39.22 38.53 38.82 2273390
20141007 38.66 38.97 38.26 38.26 2959203
20141008 38.27 38.37 37.57 38.28 3716193
20141009 38.20 38.27 36.33 36.75 7065905
20141010 36.76 37.35 36.20 36.70 7078121
20141013 36.64 37.06 35.78 35.81 4499330
20141014 36.01 36.34 35.05 35.18 7057525
20141015 35.06 35.93 34.13 35.74 6387058
20141016 35.31 37.09 35.08 36.77 7089024
20141017 37.06 37.73 36.96 37.48 5892259
20141020 37.32 37.76 37.19 37.48 2507110
20141021 37.77 38.54 37.56 38.35 4624216
20141022 38.48 38.73 37.89 37.92 2858850
20141023 38.35 38.74 38.26 38.43 2802818
20141024 38.33 38.61 37.96 38.53 2122962
20141027 38.17 38.46 37.84 38.34 2137803
20141028 38.59 38.93 38.10 38.89 2350725
20141029 39.08 39.23 38.22 38.71 2554056
20141030 38.53 39.62 38.24 38.46 2141235
20141031 38.77 38.89 38.45 38.76 2486111
20141103 38.67 38.98 38.34 38.55 3204029
20141104 38.52 38.59 37.40 37.79 4575554
20141105 38.28 38.72 37.80 38.70 3388581
20141106 38.81 38.83 37.99 38.71 3367178
20141107 38.63 39.36 38.58 39.28 2431896
20141110 39.37 39.62 38.89 38.95 2654106
20141111 38.92 39.13 38.68 38.96 1883084
20141112 38.75 38.87 38.46 38.59 3451983
20141113 38.53 38.54 37.66 37.86 3375000
20141114 37.94 38.21 37.70 38.12 3868100
20141117 38.00 38.56 37.87 38.48 5250700
20141118 38.48 38.80 38.42 38.56 3358700
20141119 38.61 38.88 38.52 38.77 2295800
20141120 38.77 39.30 38.74 39.23 2187900
20141121 39.57 39.79 39.05 39.23 3542100
20141124 39.30 39.50 38.97 39.21 2094700
20141125 39.41 39.42 38.85 39.06 3099300
20141126 39.06 39.33 38.80 39.27 3047300
20141128 38.29 38.61 37.70 37.88 5032800
20141201 37.68 37.79 36.74 37.04 6230600
20141202 36.89 37.44 36.70 37.25 6223400
20141203 37.27 37.56 37.16 37.25 3495000
20141204 37.25 37.38 36.91 37.10 4345500
20141205 37.00 37.36 37.00 37.13 3862800
20141208 37.00 37.12 35.69 35.71 5561000
20141209 35.62 36.42 35.30 36.38 6415100
20141210 36.11 36.17 34.94 35.14 5743100
20141211 35.24 35.83 34.64 34.75 7856800
20141212 34.19 34.42 33.65 33.66 6324500
20141215 33.89 34.00 32.90 33.09 5188800
20141216 32.84 34.37 32.50 33.37 6646300
20141217 33.38 35.00 33.38 34.77 6788700
20141218 35.89 36.18 34.91 36.18 8217800
20141219 36.35 37.09 36.06 37.07 9978300
20141222 33.77 36.80 33.60 36.70 6349600
20141223 36.99 37.08 36.60 36.76 4338800
20141224 36.61 36.90 36.48 36.67 1587800
20141226 36.78 37.07 36.78 36.90 1572700
20141229 36.88 37.27 36.68 37.05 4029600
20141230 37.01 37.23 36.61 36.72 4101900
20141231 36.65 36.83 36.25 36.30 2732700
