20050209 6.02 6.09 5.90 5.92 24308338
20050210 5.94 6.00 5.92 6.00 4049236
20050211 5.97 6.04 5.95 6.04 2360073
20050214 6.00 6.04 5.96 6.01 1283412
20050215 6.00 6.06 6.00 6.00 1060379
20050216 5.96 6.19 5.96 6.13 1322178
20050217 6.16 6.23 6.11 6.14 1016186
20050218 6.14 6.26 6.14 6.19 1620160
20050222 6.15 6.15 5.98 6.01 921338
20050223 6.02 6.08 6.00 6.06 1126539
20050224 6.07 6.11 6.04 6.06 516104
20050225 6.04 6.09 6.04 6.07 927024
20050228 6.06 6.07 5.97 6.04 1312358
20050301 6.04 6.11 6.04 6.07 535746
20050302 6.05 6.09 6.01 6.02 347860
20050303 6.04 6.04 5.98 5.99 637830
20050304 5.99 6.09 5.97 6.08 1360169
20050307 6.08 6.19 6.01 6.15 862155
20050308 6.13 6.13 5.92 6.00 2153838
20050309 6.00 6.05 5.93 5.98 1207690
20050310 5.98 5.98 5.88 5.92 432887
20050311 5.92 6.00 5.85 5.90 746374
20050314 5.88 5.92 5.65 5.82 1702860
20050315 5.78 5.88 5.78 5.82 1188307
20050316 5.78 5.80 5.73 5.73 558747
20050317 5.73 5.74 5.66 5.72 408077
20050318 5.72 5.88 5.72 5.81 853885
20050321 5.90 5.90 5.77 5.82 996027
20050322 5.80 5.84 5.73 5.80 1023163
20050323 5.80 5.80 5.49 5.61 1026265
20050324 5.64 5.69 5.59 5.69 816412
20050328 5.69 5.72 5.62 5.65 935294
20050329 5.65 5.95 5.58 5.87 5608178
20050330 5.88 5.90 5.84 5.86 594996
20050331 5.88 5.92 5.61 5.67 2897639
20050401 5.67 5.72 5.54 5.67 1743382
20050404 5.64 5.71 5.60 5.67 383901
20050405 5.64 5.80 5.64 5.72 1053432
20050406 5.81 5.83 5.72 5.72 355824
20050407 5.72 5.75 5.64 5.75 524036
20050408 5.74 5.74 5.62 5.64 966135
20050411 5.66 5.68 5.56 5.68 689440
20050412 5.68 5.72 5.54 5.68 1197650
20050413 5.64 5.67 5.60 5.63 882922
20050414 5.66 5.72 5.60 5.65 463541
20050415 5.65 5.65 5.54 5.55 493661
20050418 5.61 5.61 5.33 5.50 560026
20050419 5.52 5.60 5.41 5.60 812472
20050420 5.58 5.74 5.55 5.69 500808
20050421 5.70 5.72 5.43 5.48 1579510
20050422 5.47 5.47 5.23 5.25 1007741
20050425 5.17 5.27 5.17 5.25 507189
20050426 5.23 5.24 5.09 5.09 681782
20050427 5.08 5.09 4.90 5.03 1083807
20050428 5.21 5.48 5.03 5.09 2835613
20050429 5.13 5.32 5.13 5.29 1565471
20050502 5.29 5.32 5.20 5.24 1209392
20050503 5.13 5.19 5.13 5.19 776482
20050504 5.15 5.20 5.08 5.16 578660
20050505 5.19 5.23 5.12 5.18 643239
20050506 5.21 5.30 5.21 5.28 611077
20050509 5.28 5.33 5.26 5.33 476303
20050510 5.35 5.35 5.18 5.22 476559
20050511 5.22 5.38 5.20 5.33 430613
20050512 5.31 5.34 5.15 5.25 845911
20050513 5.23 5.26 5.06 5.09 899003
20050516 5.12 5.17 5.08 5.14 993192
20050517 5.15 5.27 5.09 5.21 667999
20050518 5.19 5.27 5.14 5.27 757848
20050519 5.27 5.36 5.24 5.35 587083
20050520 5.36 5.39 5.26 5.36 501063
20050523 5.40 5.42 5.32 5.35 575597
20050524 5.33 5.33 5.19 5.19 525567
20050525 5.17 5.24 5.16 5.21 837487
20050526 5.21 5.29 5.18 5.27 1000339
20050527 5.28 5.35 5.26 5.33 878838
20050531 5.36 5.37 5.33 5.33 514591
20050601 5.37 5.54 5.37 5.47 1364586
20050602 5.50 5.66 5.46 5.58 660341
20050603 5.61 5.70 5.61 5.67 707563
20050606 5.64 5.72 5.56 5.60 418361
20050607 5.61 5.62 5.57 5.58 222326
20050608 5.54 5.62 5.49 5.53 355568
20050609 5.53 5.60 5.47 5.52 262401
20050610 5.54 5.57 5.47 5.56 264188
20050613 5.55 5.60 5.52 5.53 224113
20050614 5.57 5.61 5.51 5.54 335148
20050615 5.58 5.58 5.50 5.56 655491
20050616 5.56 5.58 5.51 5.57 502850
20050617 5.70 5.70 5.53 5.54 567939
20050620 5.55 5.56 5.50 5.50 379817
20050621 5.49 5.59 5.48 5.54 1195353
20050622 5.54 5.59 5.50 5.52 3660337
20050623 5.52 5.56 5.39 5.42 746872
20050624 5.42 5.52 5.33 5.52 1673698
20050627 5.48 5.52 5.40 5.48 660596
20050628 5.52 5.53 5.41 5.45 5364538
20050629 5.43 5.58 5.43 5.55 487663
20050630 5.55 5.59 5.49 5.55 701777
20050701 5.54 5.65 5.53 5.55 296179
20050705 5.56 5.63 5.33 5.50 505319
20050706 5.53 5.61 5.51 5.53 277030
20050707 5.53 5.59 5.34 5.53 260120
20050708 5.55 5.63 5.47 5.63 639606
20050711 5.64 5.71 5.59 5.63 255146
20050712 5.63 5.68 5.58 5.62 256887
20050713 5.63 5.63 5.59 5.61 245696
20050714 5.63 5.70 5.61 5.61 358349
20050715 5.61 5.70 5.57 5.65 251913
20050718 5.67 5.69 5.59 5.61 547097
20050719 5.62 5.64 5.56 5.63 588876
20050720 5.59 5.65 5.51 5.60 286231
20050721 5.58 5.63 5.49 5.52 324279
20050722 5.55 5.59 5.49 5.54 531430
20050725 5.53 5.55 5.44 5.44 479954
20050726 5.48 5.52 5.43 5.49 530187
20050727 5.49 5.69 5.24 5.62 1942195
20050728 5.69 5.69 5.56 5.63 1863115
20050729 5.63 5.67 5.55 5.62 423254
20050801 5.62 5.67 5.57 5.57 366306
20050802 5.53 5.64 5.53 5.59 462049
20050803 5.59 5.63 5.55 5.59 439667
20050804 5.59 5.63 5.51 5.55 373767
20050805 5.58 5.58 5.38 5.46 395153
20050808 5.50 5.61 5.45 5.56 416043
20050809 5.60 5.65 5.57 5.61 664475
20050810 5.61 5.66 5.52 5.55 856207
20050811 5.55 5.67 5.47 5.59 574452
20050812 5.57 5.63 5.52 5.53 461054
20050815 5.53 5.54 5.46 5.49 629411
20050816 5.46 5.53 5.45 5.51 323036
20050817 5.48 5.51 5.46 5.49 263850
20050818 5.50 5.51 5.44 5.44 353624
20050819 5.45 5.48 5.43 5.46 439170
20050822 5.48 5.55 5.47 5.53 477467
20050823 5.54 5.59 5.47 5.53 727888
20050824 5.54 5.57 5.53 5.54 460556
20050825 5.54 5.59 5.51 5.54 227294
20050826 5.55 5.56 5.48 5.48 172833
20050829 5.53 5.63 5.49 5.59 682131
20050830 5.60 5.62 5.54 5.58 367550
20050831 5.60 5.63 5.56 5.60 435937
20050901 5.62 5.62 5.54 5.62 460308
20050902 5.63 5.63 5.58 5.59 329253
20050906 5.62 5.63 5.55 5.63 785085
20050907 5.63 5.65 5.59 5.62 745544
20050908 5.62 5.63 5.55 5.58 624437
20050909 5.56 5.63 5.55 5.63 667459
20050912 5.66 5.67 5.58 5.63 1366002
20050913 5.65 5.68 5.59 5.63 616230
20050914 5.63 5.73 5.63 5.68 1068580
20050915 5.68 5.71 5.65 5.69 807715
20050916 5.73 5.74 5.63 5.64 809207
20050919 5.64 5.69 5.61 5.65 605040
20050920 5.66 5.78 5.64 5.65 824625
20050921 5.65 5.73 5.63 5.65 482192
20050922 5.65 5.71 5.63 5.65 599569
20050923 5.65 5.69 5.61 5.63 707994
20050926 5.67 5.75 5.61 5.71 1334669
20050927 5.72 5.74 5.65 5.69 837805
20050928 5.80 5.81 5.62 5.66 888953
20050929 5.69 5.71 5.59 5.69 576075
20050930 5.67 5.69 5.59 5.62 730454
20051003 5.64 5.67 5.62 5.62 806553
20051004 5.64 5.64 5.54 5.55 395521
20051005 5.57 5.57 5.41 5.41 667442
20051006 5.41 5.51 5.27 5.34 673016
20051007 5.32 5.36 5.25 5.26 536329
20051010 5.29 5.32 5.22 5.22 549174
20051011 5.24 5.25 5.10 5.12 1031457
20051012 5.12 5.20 5.12 5.16 401095
20051013 5.17 5.24 5.08 5.12 620183
20051014 5.14 5.18 4.95 5.16 1004799
20051017 5.16 5.22 5.08 5.19 408366
20051018 5.19 5.19 5.02 5.03 516456
20051019 5.05 5.11 4.96 5.08 826184
20051020 5.06 5.16 5.05 5.11 879744
20051021 5.14 5.22 5.14 5.18 521061
20051024 5.19 5.22 5.08 5.18 707188
20051025 5.18 5.18 5.08 5.16 396491
20051026 5.16 5.20 5.11 5.12 293490
20051027 5.12 5.16 5.04 5.05 242354
20051028 5.06 5.16 5.05 5.13 571228
20051031 5.18 5.28 5.13 5.25 727061
20051101 5.26 5.29 5.06 5.12 434298
20051102 5.14 5.29 5.08 5.29 457321
20051103 5.30 5.32 5.17 5.24 228297
20051104 5.20 5.20 4.93 5.11 1745432
20051107 5.09 5.19 5.08 5.17 450051
20051108 5.17 5.44 5.17 5.25 871262
20051109 5.24 5.28 5.12 5.15 476952
20051110 5.16 5.16 5.05 5.07 546023
20051111 5.04 5.17 5.03 5.15 283312
20051114 5.14 5.17 5.04 5.06 475740
20051115 5.05 5.07 4.95 4.95 881683
20051116 4.95 4.99 4.89 4.93 595221
20051117 4.93 4.96 4.90 4.91 549416
20051118 4.94 4.95 4.71 4.80 2238379
20051121 4.76 4.82 4.65 4.72 1821046
20051122 4.75 4.79 4.74 4.75 1344094
20051123 4.76 4.82 4.72 4.80 1275023
20051125 4.78 4.79 4.73 4.77 412001
20051128 4.77 4.94 4.77 4.79 3233968
20051129 4.88 4.97 4.84 4.92 1066356
20051130 4.93 5.03 4.93 5.01 929669
20051201 5.05 5.08 5.01 5.08 1052785
20051202 5.08 5.08 4.91 5.04 568077
20051205 5.03 5.04 4.95 5.04 850662
20051206 5.04 5.09 4.97 5.02 634724
20051207 5.01 5.05 4.96 4.98 780379
20051208 4.97 5.06 4.96 5.05 1177839
20051209 5.10 5.17 4.98 5.08 8283166
20051212 5.05 5.10 4.99 5.03 4661189
20051213 5.03 5.09 5.02 5.08 1707382
20051214 5.05 5.11 5.03 5.10 2149678
20051215 5.07 5.11 4.96 5.01 1938587
20051216 5.00 5.03 4.96 5.01 2161311
20051219 5.00 5.00 4.87 4.92 1019824
20051220 4.93 4.97 4.91 4.93 2147254
20051221 4.94 4.95 4.89 4.93 1440793
20051222 4.93 4.95 4.86 4.94 1353788
20051223 4.94 4.99 4.91 4.96 1278416
20051227 4.94 5.00 4.93 4.96 1278658
20051228 5.05 5.05 4.84 4.89 1182324
20051229 4.89 4.96 4.89 4.89 754910
20051230 4.89 4.94 4.77 4.85 1415074
20060103 4.85 5.06 4.85 5.05 1500886
20060104 5.08 5.19 5.05 5.10 1084052
20060105 5.14 5.21 5.10 5.14 725522
20060106 5.19 5.21 5.13 5.18 2420367
20060109 5.21 5.23 5.10 5.12 1200427
20060110 5.12 5.21 5.10 5.11 1225583
20060111 5.11 5.11 5.05 5.08 1364998
20060112 5.08 5.08 5.01 5.01 1161400
20060113 5.02 5.05 4.99 5.02 1271898
20060117 5.10 5.12 5.01 5.02 1598689
20060118 5.03 5.08 4.99 5.03 1217824
20060119 5.07 5.13 5.04 5.12 899497
20060120 5.16 5.17 4.96 4.97 1137420
20060123 5.01 5.33 5.00 5.01 1051373
20060124 5.03 5.04 4.99 5.00 670509
20060125 5.01 5.06 4.95 4.96 1552138
20060126 5.00 5.02 4.90 5.01 1206069
20060127 5.00 5.04 4.99 5.03 882805
20060130 5.07 5.10 5.02 5.04 754205
20060131 5.02 5.08 5.01 5.01 966971
20060201 5.03 5.06 4.97 4.98 930531
20060202 5.00 5.03 4.89 4.91 991422
20060203 4.91 5.01 4.89 5.00 472789
20060206 5.03 5.07 5.00 5.01 547081
20060207 5.02 5.05 4.97 4.97 775834
20060208 5.01 5.02 4.96 4.98 640181
20060209 4.98 5.07 4.98 5.03 527332
20060210 5.03 5.06 4.94 5.00 823089
20060213 5.00 5.04 4.98 4.98 383920
20060214 4.97 5.04 4.96 5.01 569180
20060215 4.99 5.03 4.96 5.00 422242
20060216 4.99 5.06 4.99 5.03 1060307
20060217 5.06 5.10 5.04 5.06 646058
20060221 5.10 5.14 5.04 5.06 1021045
20060222 5.07 5.16 5.07 5.10 591750
20060223 5.10 5.23 5.08 5.17 1516403
20060224 5.17 5.19 5.10 5.12 770662
20060227 5.13 5.20 5.10 5.12 706479
20060228 5.12 5.29 5.12 5.25 1222997
20060301 5.27 5.42 5.22 5.32 2391215
20060302 5.30 5.36 5.24 5.26 1359120
20060303 5.25 5.43 5.19 5.36 1260378
20060306 5.06 5.40 5.06 5.38 2232522
20060307 5.38 5.38 5.26 5.27 1484664
20060308 5.30 5.33 5.18 5.23 1273073
20060309 5.24 5.30 5.19 5.21 764549
20060310 5.22 5.33 5.20 5.32 556720
20060313 5.33 5.37 5.30 5.33 1218295
20060314 5.35 5.38 5.30 5.37 800285
20060315 5.37 5.43 5.34 5.35 869640
20060316 5.35 5.42 5.33 5.41 686731
20060317 5.41 5.54 5.37 5.49 2620674
20060320 5.49 5.57 5.49 5.53 1667338
20060321 5.56 5.66 5.53 5.61 1448929
20060322 5.60 5.64 5.57 5.61 655932
20060323 5.61 5.66 5.58 5.65 922537
20060324 5.65 5.67 5.61 5.63 1380044
20060327 5.63 5.64 5.54 5.60 1073237
20060328 5.61 5.71 5.61 5.70 865408
20060329 5.69 5.79 5.59 5.79 1123106
20060330 5.76 5.79 5.66 5.66 660503
20060331 5.66 5.77 5.64 5.75 767345
20060403 5.75 5.81 5.68 5.72 915827
20060404 5.73 5.84 5.73 5.79 1317802
20060405 5.80 5.89 5.76 5.84 1045090
20060406 5.84 5.87 5.79 5.84 1048293
20060407 5.84 5.90 5.73 5.74 761168
20060410 5.77 5.84 5.66 5.69 626871
20060411 5.70 5.75 5.66 5.66 1037312
20060412 5.67 5.76 5.67 5.70 925436
20060413 5.71 5.79 5.70 5.73 808984
20060417 5.74 5.79 5.66 5.69 954949
20060418 5.73 5.80 5.59 5.79 1294695
20060419 5.80 5.90 5.74 5.89 561210
20060420 5.87 5.91 5.80 5.88 503785
20060421 5.92 5.92 5.79 5.84 328078
20060424 5.84 5.91 5.83 5.89 654554
20060425 5.89 5.89 5.74 5.76 538103
20060426 5.75 5.81 5.69 5.70 522316
20060427 5.68 5.77 5.66 5.70 489829
20060428 5.68 5.79 5.68 5.70 457570
20060501 5.70 5.73 5.68 5.70 715182
20060502 5.68 5.81 5.66 5.78 886085
20060503 5.76 5.80 5.70 5.77 725020
20060504 5.74 5.76 5.64 5.64 779471
20060505 5.64 5.70 5.63 5.69 764829
20060508 5.71 5.77 5.70 5.77 727079
20060509 5.75 5.79 5.75 5.77 1885647
20060510 5.77 5.79 5.77 5.78 601247
20060511 5.77 5.78 5.75 5.77 1048751
20060512 5.75 5.79 5.70 5.77 861833
20060515 5.77 5.77 5.52 5.62 1165203
20060516 5.64 5.77 5.63 5.70 1234982
20060517 5.68 5.79 5.66 5.76 2066387
20060518 5.76 5.79 5.68 5.68 1034566
20060519 5.69 5.72 5.60 5.60 817907
20060522 5.59 5.66 5.56 5.59 1231093
20060523 5.62 5.66 5.51 5.52 594384
20060524 5.51 5.63 5.42 5.53 849250
20060525 5.57 5.58 5.46 5.49 646318
20060526 5.53 5.54 5.48 5.49 390079
20060530 5.49 5.52 5.40 5.41 1016035
20060531 5.45 5.56 5.32 5.38 2100247
20060601 5.41 5.56 5.41 5.41 1141180
20060602 5.44 5.46 5.27 5.35 2668549
20060605 5.34 5.39 5.15 5.20 2810167
20060606 5.17 5.27 5.16 5.24 2098417
20060607 5.57 5.62 5.31 5.31 2745650
20060608 5.33 5.51 5.25 5.41 1478867
20060609 5.45 5.48 5.38 5.41 915598
20060612 5.49 5.50 5.38 5.38 727079
20060613 5.39 5.46 5.28 5.34 1554366
20060614 5.36 5.42 5.30 5.36 1105718
20060615 5.41 5.45 5.38 5.43 935502
20060616 5.43 5.45 5.22 5.25 6727197
20060619 5.29 5.36 5.22 5.23 1887706
20060620 5.33 5.36 5.23 5.23 1375227
20060621 5.23 5.29 5.23 5.24 1409774
20060622 5.24 5.27 5.21 5.26 1029991
20060623 5.25 5.27 5.20 5.20 2584357
20060626 5.22 5.25 5.16 5.21 5156816
20060627 5.21 5.29 5.20 5.23 1562831
20060628 5.34 5.35 5.23 5.27 1973788
20060629 5.29 5.43 5.28 5.38 2996297
20060630 5.38 5.39 5.08 5.16 5310033
20060703 5.14 5.24 5.14 5.22 3773386
20060705 5.22 5.26 5.07 5.17 3677747
20060706 5.18 5.18 5.07 5.11 1658914
20060707 5.11 5.34 5.10 5.25 4582428
20060710 5.25 5.34 5.23 5.27 5284071
20060711 5.27 5.28 5.17 5.24 1845531
20060712 5.37 5.46 5.29 5.29 3236321
20060713 5.34 5.37 5.25 5.28 2038002
20060714 5.28 5.28 5.17 5.23 3468574
20060717 5.23 5.27 5.18 5.21 13822683
20060718 5.21 5.67 5.05 5.45 35704960
20060719 5.21 5.49 5.21 5.35 31529922
20060720 5.30 5.35 5.24 5.26 24973908
20060721 5.24 5.30 5.18 5.28 17102454
20060724 5.18 5.30 5.15 5.27 14140956
20060725 5.17 5.25 5.10 5.18 19063480
20060726 5.11 5.27 5.06 5.21 12332559
20060727 5.21 5.51 5.20 5.48 28240004
20060728 5.44 5.58 5.40 5.55 13165846
20060731 5.56 5.71 5.51 5.68 17712752
20060801 5.67 5.67 5.48 5.57 7847632
20060802 5.44 5.72 5.44 5.71 10529457
20060803 5.72 5.88 5.65 5.86 13557125
20060804 5.89 5.94 5.84 5.91 12028624
20060807 5.89 5.94 5.83 5.94 11599849
20060808 5.94 5.96 5.85 5.93 8955740
20060809 5.93 5.94 5.72 5.76 8950005
20060810 5.71 5.80 5.71 5.78 8337061
20060811 5.69 5.78 5.59 5.69 9617870
20060814 5.78 5.89 5.76 5.84 7659933
20060815 5.93 6.02 5.84 5.94 8217516
20060816 5.94 5.97 5.85 5.90 8231852
20060817 5.85 5.88 5.82 5.88 5520030
20060818 5.88 5.88 5.81 5.86 5254473
20060821 5.88 5.95 5.84 5.93 5852639
20060822 5.87 5.89 5.76 5.78 9051685
20060823 5.77 5.91 5.69 5.91 11094098
20060824 5.91 5.96 5.83 5.84 9510456
20060825 5.86 5.89 5.85 5.88 4350385
20060828 5.84 5.99 5.83 5.96 10354551
20060829 5.97 6.00 5.90 5.94 7576780
20060830 5.94 5.95 5.83 5.93 9845491
20060831 5.89 6.00 5.89 5.98 7488114
20060901 5.98 6.05 5.92 6.05 3654067
20060905 6.07 6.11 6.00 6.06 3731485
20060906 5.96 6.08 5.95 6.06 5675748
20060907 6.03 6.09 6.02 6.05 11559707
20060908 6.06 6.13 6.00 6.01 6769299
20060911 6.05 6.11 6.03 6.06 4656085
20060912 6.08 6.14 6.01 6.05 5673763
20060913 6.05 6.10 5.96 5.99 5898075
20060914 6.01 6.07 5.93 5.97 6909357
20060915 5.97 5.98 5.87 5.87 7347395
20060918 5.89 5.96 5.81 5.83 4374647
20060919 5.83 5.89 5.83 5.84 3732588
20060920 5.89 5.99 5.87 5.97 4211210
20060921 5.97 5.98 5.87 5.93 7345630
20060922 5.94 5.97 5.88 5.89 7221233
20060925 5.92 6.08 5.92 5.99 7798226
20060926 6.03 6.18 5.98 6.15 8320960
20060927 6.15 6.20 6.03 6.09 3685775
20060928 6.11 6.12 5.97 5.98 6003777
20060929 5.98 6.12 5.95 6.07 4608849
20061002 6.11 6.18 6.06 6.17 6044402
20061003 6.18 6.29 6.18 6.28 8283110
20061004 6.31 6.41 6.24 6.36 8565528
20061005 6.31 6.31 6.14 6.14 5597747
20061006 6.15 6.20 6.10 6.20 6440874
20061009 6.18 6.25 6.16 6.20 4371183
20061010 6.22 6.22 6.12 6.15 3503290
20061011 6.19 6.24 6.14 6.20 4851294
20061012 6.20 6.31 6.19 6.29 4490885
20061013 6.26 6.34 6.22 6.33 3475917
20061016 6.35 6.38 6.28 6.35 6062651
20061017 6.26 6.34 6.21 6.32 4477633
20061018 6.35 6.35 6.26 6.28 2958223
20061019 6.24 6.31 6.17 6.21 4672284
20061020 6.21 6.31 6.15 6.29 4078771
20061023 6.29 6.37 6.26 6.35 5537353
20061024 6.37 6.37 6.31 6.33 4942537
20061025 6.32 6.37 6.28 6.36 5138491
20061026 6.36 6.41 6.32 6.39 3874561
20061027 6.40 6.45 6.35 6.38 4329472
20061030 6.42 6.44 6.38 6.42 4644694
20061031 6.44 6.45 6.31 6.32 4926460
20061101 6.35 6.35 6.24 6.32 5828026
20061102 6.37 6.37 6.17 6.30 8612453
20061103 6.31 6.33 6.24 6.28 3382719
20061106 6.27 6.34 6.26 6.31 3714886
20061107 6.34 6.38 6.30 6.30 3367077
20061108 6.32 6.33 6.19 6.26 4773086
20061109 6.35 6.36 6.20 6.24 4998803
20061110 6.26 6.30 6.15 6.30 3505462
20061113 6.32 6.34 6.30 6.33 7365251
20061114 6.32 6.32 6.27 6.32 6485192
20061115 6.30 6.33 6.26 6.28 5655751
20061116 6.31 6.41 6.29 6.30 5368988
20061117 6.30 6.36 6.26 6.36 4599942
20061120 6.36 6.46 6.36 6.38 7574023
20061121 6.39 6.46 6.38 6.42 8375439
20061122 6.44 6.47 6.40 6.41 5636634
20061124 6.40 6.44 6.39 6.39 1523321
20061127 6.39 6.42 6.24 6.27 4424191
20061128 6.27 6.28 6.22 6.23 4084420
20061129 6.26 6.43 6.25 6.37 8715644
20061130 6.36 6.48 6.35 6.42 6814752
20061201 6.42 6.44 6.31 6.32 5214744
20061204 6.35 6.41 6.26 6.39 4948619
20061205 6.41 6.43 6.35 6.41 6246874
20061206 6.43 6.48 6.40 6.46 5945121
20061207 6.49 6.53 6.47 6.49 4570396
20061208 6.51 6.53 6.46 6.50 3952117
20061211 6.50 6.51 6.44 6.45 4738544
20061212 6.45 6.52 6.42 6.50 8321779
20061213 6.57 6.64 6.49 6.55 3852619
20061214 6.55 6.59 6.54 6.57 2963219
20061215 6.57 6.62 6.56 6.61 5711149
20061218 6.63 6.64 6.52 6.54 2992982
20061219 6.49 6.49 6.38 6.41 3977535
20061220 6.44 6.48 6.40 6.40 2882404
20061221 6.41 6.42 6.29 6.32 6351586
20061222 6.28 6.41 6.23 6.34 6953137
20061226 6.34 6.43 6.34 6.41 2109882
20061227 6.46 6.51 6.42 6.48 3996610
20061228 6.47 6.58 6.45 6.55 5549128
20061229 6.56 6.67 6.55 6.67 6184472
20070103 6.66 6.70 6.52 6.66 12544741
20070104 6.63 6.65 6.54 6.56 5898162
20070105 6.56 6.57 6.46 6.52 5242337
20070108 6.50 6.65 6.44 6.61 6106814
20070109 6.62 6.67 6.56 6.63 5974753
20070110 6.61 6.61 6.50 6.58 5267085
20070111 6.58 6.68 6.54 6.63 5355197
20070112 6.66 6.68 6.61 6.63 4908450
20070116 6.66 6.69 6.59 6.67 5892828
20070117 6.68 6.74 6.67 6.70 7283204
20070118 7.12 7.12 6.69 6.79 6747919
20070119 6.84 6.98 6.79 6.89 5621879
20070122 6.89 6.89 6.76 6.77 3951167
20070123 6.77 6.82 6.69 6.81 3561384
20070124 6.81 6.89 6.79 6.88 3240938
20070125 6.86 6.91 6.74 6.76 3542183
20070126 6.76 6.86 6.74 6.85 2261040
20070129 6.86 6.89 6.79 6.83 2979803
20070130 6.83 6.88 6.80 6.83 2341685
20070131 6.84 6.98 6.84 6.97 4622353
20070201 6.97 6.97 6.88 6.93 4196515
20070202 6.92 6.94 6.84 6.91 7138129
20070205 6.91 6.97 6.91 6.94 2648477
20070206 6.94 6.97 6.92 6.94 5059072
20070207 6.94 6.96 6.83 6.86 12186106
20070208 6.90 7.08 6.89 6.99 8159842
20070209 6.99 7.05 6.92 6.94 5389545
20070212 6.92 6.94 6.86 6.87 3707952
20070213 6.89 6.97 6.85 6.97 3350171
20070214 7.00 7.03 6.97 7.03 3127865
20070215 7.03 7.07 7.01 7.03 4233850
20070216 7.03 7.08 6.97 7.03 3868389
20070220 7.06 7.10 7.02 7.09 7092472
20070221 7.05 7.13 7.04 7.09 9862129
20070222 7.13 7.33 7.10 7.19 9657744
20070223 7.20 7.25 7.12 7.24 6791228
20070226 7.26 7.27 7.19 7.19 7855611
20070227 7.18 7.18 6.80 6.88 5370557
20070228 7.10 7.10 6.86 7.05 10309516
20070301 6.90 7.04 6.84 6.97 5855706
20070302 6.96 6.98 6.71 6.74 8208058
20070305 6.71 6.77 6.68 6.71 4760175
20070306 6.74 6.95 6.74 6.91 5614412
20070307 6.87 6.90 6.75 6.77 13593763
20070308 6.81 6.88 6.79 6.83 3917245
20070309 6.84 6.91 6.75 6.78 4763375
20070312 6.78 6.80 6.66 6.73 10193669
20070313 6.73 6.74 6.59 6.61 7430412
20070314 6.59 6.65 6.58 6.65 3772810
20070315 6.65 6.74 6.63 6.70 4316629
20070316 6.74 6.80 6.70 6.75 8784732
20070319 6.79 6.82 6.75 6.80 5084887
20070320 6.80 6.85 6.75 6.84 4945999
20070321 6.84 6.92 6.81 6.88 5436268
20070322 6.80 6.96 6.80 6.94 3648429
20070323 6.96 6.96 6.93 6.95 2695626
20070326 6.94 6.96 6.88 6.91 4827592
20070327 6.89 6.94 6.87 6.91 11231810
20070328 6.86 6.93 6.85 6.91 4766322
20070329 6.85 7.00 6.85 6.97 3853158
20070330 6.99 7.04 6.95 7.00 6004358
20070402 7.00 7.07 6.99 7.06 3935372
20070403 7.08 7.11 7.05 7.09 4333020
20070404 7.09 7.13 7.06 7.10 3240117
20070405 7.11 7.12 7.07 7.11 3972704
20070409 7.13 7.13 7.04 7.08 3812470
20070410 7.09 7.11 7.06 7.07 3689149
20070411 7.07 7.09 7.01 7.03 3909995
20070412 7.20 7.20 6.96 6.96 6861943
20070413 7.00 7.00 6.90 6.94 8939108
20070416 7.04 7.04 6.96 6.98 5524705
20070417 6.99 7.01 6.96 6.98 7603968
20070418 6.97 7.01 6.94 6.98 5436829
20070419 7.04 7.15 6.96 7.02 2799055
20070420 7.13 7.15 7.02 7.06 5602725
20070423 7.08 7.12 7.02 7.02 3870356
20070424 7.02 7.05 6.99 7.02 4002066
20070425 7.02 7.11 7.00 7.09 4857555
20070426 7.03 7.18 6.91 7.07 4338893
20070427 7.06 7.09 7.03 7.05 6645502
20070430 7.07 7.09 6.96 6.97 5218919
20070501 6.98 7.01 6.91 6.99 6043997
20070502 7.02 7.07 6.99 7.05 4454034
20070503 7.06 7.09 7.00 7.05 7254138
20070504 7.09 7.10 7.03 7.09 7404095
20070507 7.12 7.13 7.04 7.06 4937671
20070508 7.04 7.18 7.00 7.17 7825233
20070509 7.19 7.26 7.16 7.21 6209054
20070510 7.21 7.24 7.05 7.06 8393810
20070511 7.12 7.13 6.98 7.02 11587577
20070514 7.03 7.06 6.99 7.01 9045231
20070515 7.01 7.06 6.95 6.96 6991137
20070516 6.93 6.99 6.92 6.99 4538975
20070517 6.99 6.99 6.94 6.99 4261293
20070518 7.00 7.04 6.95 7.04 4866573
20070521 7.11 7.18 7.08 7.12 6772179
20070522 7.14 7.16 7.11 7.15 4416493
20070523 7.15 7.20 7.14 7.15 6964501
20070524 7.19 7.30 7.11 7.12 7626199
20070525 7.16 7.18 7.05 7.11 3734241
20070529 7.15 7.22 7.09 7.10 4022829
20070530 7.11 7.19 7.07 7.16 6637952
20070531 7.19 7.24 7.12 7.16 6073359
20070601 7.16 7.22 7.15 7.22 4532054
20070604 7.21 7.26 7.18 7.25 3222710
20070605 7.26 7.27 7.16 7.24 6473943
20070606 7.23 7.23 7.18 7.20 3413984
20070607 7.19 7.21 7.05 7.05 4614268
20070608 7.04 7.11 6.95 7.10 8658070
20070611 7.11 7.13 7.06 7.08 6381452
20070612 7.06 7.08 6.99 7.00 6000583
20070613 7.01 7.08 7.00 7.08 4558899
20070614 7.10 7.11 7.05 7.08 4988216
20070615 7.01 7.12 7.00 7.10 8610042
20070618 7.14 7.22 7.09 7.20 6542734
20070619 7.20 7.22 7.17 7.20 4317920
20070620 7.24 7.24 7.13 7.14 3784157
20070621 7.15 7.22 7.13 7.21 2888610
20070622 7.18 7.22 7.12 7.18 9774462
20070625 7.15 7.20 7.13 7.15 6797766
20070626 7.21 7.25 7.15 7.15 8430933
20070627 7.12 7.20 7.11 7.20 4458376
20070628 7.21 7.23 7.15 7.18 4969218
20070629 7.18 7.24 7.11 7.16 6680964
20070702 7.18 7.22 7.10 7.14 5497591
20070703 7.14 7.20 7.14 7.20 3891437
20070705 7.21 7.22 7.12 7.19 8042936
20070706 7.19 7.23 7.16 7.20 5013559
20070709 7.22 7.22 7.12 7.14 4726274
20070710 7.14 7.18 7.06 7.06 5278158
20070711 7.06 7.11 7.04 7.07 3953514
20070712 7.06 7.15 7.05 7.14 5858707
20070713 7.15 7.18 7.12 7.13 4500860
20070716 7.15 7.20 7.09 7.09 3850809
20070717 7.08 7.20 7.08 7.14 4876825
20070718 7.11 7.12 6.95 6.99 6591665
20070719 7.03 7.22 7.01 7.21 7072191
20070720 7.20 7.20 7.10 7.14 8893859
20070723 7.17 7.20 7.13 7.16 3076811
20070724 7.25 7.25 7.00 7.02 4031264
20070725 7.05 7.10 6.99 7.00 5155036
20070726 7.22 7.23 6.70 6.74 9269618
20070727 6.76 6.79 6.63 6.64 8590488
20070730 6.64 6.74 6.62 6.73 6965568
20070731 6.73 6.82 6.67 6.67 5752703
20070801 6.92 6.92 6.47 6.72 7990346
20070802 6.91 6.91 6.69 6.76 7101270
20070803 6.74 6.78 6.55 6.56 6305824
20070806 6.74 6.74 6.45 6.55 9181762
20070807 6.52 6.83 6.50 6.82 13570843
20070808 6.98 7.32 6.70 6.80 10912275
20070809 6.74 6.86 6.61 6.73 10913306
20070810 6.68 6.77 6.62 6.70 7289562
20070813 6.67 6.73 6.57 6.63 6601976
20070814 6.59 6.68 6.49 6.50 6112582
20070815 6.47 6.51 6.31 6.34 5748785
20070816 6.26 6.33 6.04 6.23 9464097
20070817 6.38 6.55 6.29 6.48 6469986
20070820 6.52 6.56 6.39 6.49 4168823
20070821 6.42 6.65 6.35 6.52 4274002
20070822 6.59 6.62 6.47 6.55 4195633
20070823 6.60 6.75 6.56 6.73 7117562
20070824 6.74 6.80 6.72 6.78 3690359
20070827 6.76 6.79 6.67 6.70 3603740
20070828 6.70 6.72 6.49 6.52 5891499
20070829 6.55 6.82 6.54 6.80 6270558
20070830 6.73 6.86 6.70 6.75 4281427
20070831 6.81 6.96 6.78 6.92 5185558
20070904 6.87 7.02 6.84 6.98 6280044
20070905 6.90 6.98 6.79 6.82 6950306
20070906 6.87 6.90 6.80 6.86 4587479
20070907 6.78 6.88 6.74 6.84 8324446
20070910 6.85 6.92 6.77 6.78 4225950
20070911 6.74 6.83 6.70 6.79 7663465
20070912 6.78 6.84 6.75 6.80 3289852
20070913 6.87 6.90 6.76 6.80 3584354
20070914 6.74 6.80 6.72 6.74 3575486
20070917 6.74 6.87 6.74 6.83 3320787
20070918 6.86 6.93 6.78 6.93 4892293
20070919 6.94 7.03 6.93 7.03 4155005
20070920 7.02 7.03 6.89 6.95 4506016
20070921 6.83 7.06 6.78 7.01 6155273
20070924 6.98 7.03 6.90 6.94 6200644
20070925 6.88 7.03 6.87 7.02 6018333
20070926 6.99 7.15 6.97 7.02 6540608
20070927 7.07 7.12 7.01 7.05 4975175
20070928 7.05 7.07 6.90 6.97 4787704
20071001 6.99 7.04 6.85 6.90 6893864
20071002 6.88 6.98 6.85 6.91 6173367
20071003 6.87 6.90 6.84 6.88 4919440
20071004 6.88 6.98 6.87 6.97 6108107
20071005 6.99 7.01 6.93 6.95 4562333
20071008 6.95 6.97 6.89 6.91 4929574
20071009 6.92 6.98 6.76 6.93 11103548
20071010 6.93 7.00 6.91 6.99 5668108
20071011 6.99 7.05 6.90 6.96 5382544
20071012 6.95 7.10 6.95 7.09 6627553
20071015 7.03 7.11 6.91 6.96 7457492
20071016 6.95 7.00 6.78 6.81 6301050
20071017 6.88 6.95 6.79 6.88 7105047
20071018 6.89 6.98 6.86 6.94 6400764
20071019 6.89 6.97 6.88 6.89 7980182
20071022 6.85 6.91 6.80 6.89 7844189
20071023 6.88 6.91 6.74 6.83 15650073
20071024 6.82 6.87 6.67 6.81 6952638
20071025 6.78 6.83 6.72 6.77 5727288
20071026 6.76 6.83 6.72 6.78 6852924
20071029 6.78 6.80 6.61 6.63 8046252
20071030 6.61 6.62 6.52 6.56 9984803
20071031 6.57 6.66 6.52 6.64 5690199
20071101 6.60 6.64 6.46 6.47 5590485
20071102 6.48 6.54 6.42 6.50 4854788
20071105 6.49 6.49 6.39 6.42 6015892
20071106 6.43 6.54 6.43 6.54 6392252
20071107 6.47 6.48 6.29 6.29 8433557
20071108 6.41 6.87 6.41 6.80 13413798
20071109 6.73 6.85 6.60 6.71 11075580
20071112 6.72 6.78 6.66 6.68 10128294
20071113 6.71 6.89 6.70 6.87 9063459
20071114 6.87 6.95 6.65 6.66 11726154
20071115 6.66 6.68 6.55 6.61 11144285
20071116 6.49 6.60 6.46 6.55 11591783
20071119 6.50 6.57 6.47 6.48 11400462
20071120 6.50 6.55 6.22 6.33 12392943
20071121 6.29 6.43 6.26 6.36 9958658
20071123 6.41 6.43 6.35 6.43 3160051
20071126 6.43 6.43 6.28 6.28 8906592
20071127 6.30 6.34 6.11 6.27 11143475
20071128 6.30 6.40 6.27 6.38 7872158
20071129 6.35 6.47 6.27 6.40 8669872
20071130 6.49 6.50 6.30 6.39 14806960
20071203 6.48 6.53 6.39 6.48 6510409
20071204 6.45 6.58 6.42 6.51 7713263
20071205 6.56 6.67 6.56 6.65 9256605
20071206 6.65 6.68 6.53 6.65 12572915
20071207 6.65 6.68 6.56 6.59 8712635
20071210 6.61 6.62 6.52 6.56 8291890
20071211 6.58 6.59 6.41 6.41 9340308
20071212 6.53 6.64 6.48 6.63 12957788
20071213 6.61 6.64 6.54 6.59 6692408
20071214 6.55 6.59 6.51 6.55 6377660
20071217 6.51 6.60 6.44 6.45 5245335
20071218 6.49 6.96 6.26 6.44 13536414
20071219 6.46 6.47 6.33 6.34 8652037
20071220 6.37 6.41 6.26 6.36 8910848
20071221 6.43 6.47 6.39 6.41 12072317
20071224 6.44 6.54 6.41 6.53 2484750
20071226 6.54 6.60 6.43 6.43 4033559
20071227 6.40 6.49 6.40 6.46 4550356
20071228 6.50 6.55 6.43 6.45 5158024
20071231 6.42 6.58 6.41 6.55 7016026
20080102 6.59 6.59 6.34 6.37 8143474
20080103 6.38 6.42 6.22 6.25 9684717
20080104 6.21 6.23 6.01 6.02 8607775
20080107 6.04 6.28 6.04 6.24 9946595
20080108 6.25 6.28 5.89 5.93 11803404
20080109 5.93 5.94 5.56 5.80 26401964
20080110 5.72 5.91 5.71 5.86 15194894
20080111 5.80 5.91 5.73 5.83 8489662
20080114 5.87 5.90 5.75 5.90 6754347
20080115 5.99 6.07 5.81 5.81 10694448
20080116 5.78 5.90 5.73 5.75 9796865
20080117 5.76 5.83 5.70 5.72 15083342
20080118 5.77 5.84 5.49 5.58 11220591
20080122 5.39 5.57 5.23 5.51 12870005
20080123 5.38 5.62 5.26 5.60 11517863
20080124 5.62 5.65 5.45 5.60 10598407
20080125 5.67 5.68 5.53 5.55 7529840
20080128 5.53 5.66 5.47 5.65 7403773
20080129 5.70 5.80 5.65 5.76 6306748
20080130 5.75 5.84 5.66 5.69 6327030
20080131 5.61 5.88 5.59 5.84 8597038
20080201 5.85 5.92 5.81 5.90 4944067
20080204 5.90 5.91 5.78 5.83 6233772
20080205 5.82 5.83 5.59 5.62 7541373
20080206 5.67 5.67 5.51 5.53 6814199
20080207 5.53 5.55 5.42 5.53 6973672
20080208 5.93 6.02 5.74 5.83 13471708
20080211 5.88 5.92 5.80 5.85 8664446
20080212 5.89 5.93 5.84 5.87 8459040
20080213 5.93 6.02 5.88 5.98 8542952
20080214 6.00 6.03 5.90 5.90 8093166
20080215 5.90 6.10 5.86 6.09 9545724
20080219 6.17 6.17 5.99 6.02 12984142
20080220 6.03 6.03 5.82 5.99 9184822
20080221 5.97 6.03 5.83 5.85 6630268
20080222 5.87 5.97 5.80 5.93 8053596
20080225 5.94 6.20 5.94 6.19 16538287
20080226 6.17 6.22 6.10 6.19 7396018
20080227 6.19 6.19 6.00 6.06 8899082
20080228 6.07 6.25 6.04 6.12 6084042
20080229 6.07 6.09 5.90 5.91 6661089
20080303 5.91 6.04 5.89 6.03 7398006
20080304 6.05 6.05 5.96 6.04 7697466
20080305 5.89 6.16 5.89 6.06 9360998
20080306 6.10 6.10 5.94 5.97 10045023
20080307 6.04 6.04 5.94 5.99 8170716
20080310 6.00 6.03 5.83 5.85 7298783
20080311 5.99 6.14 5.89 6.14 11069867
20080312 6.14 6.16 5.93 5.95 9243481
20080313 5.90 6.07 5.83 5.96 8606383
20080314 6.01 6.01 5.79 5.87 8148047
20080317 5.86 6.09 5.80 6.01 11253599
20080318 6.14 6.26 6.01 6.26 11320808
20080319 6.28 6.29 6.07 6.08 13075411
20080320 6.10 6.14 6.01 6.12 15872953
20080324 6.14 6.34 6.11 6.29 10166715
20080325 6.30 6.30 6.12 6.21 10599799
20080326 6.21 6.25 6.02 6.05 9143860
20080327 6.16 6.18 6.00 6.01 9003648
20080328 6.01 6.12 5.98 6.00 5970564
20080331 5.98 6.15 5.96 6.14 9716502
20080401 6.04 6.28 6.04 6.19 9073746
20080402 6.21 6.28 6.12 6.14 7398803
20080403 6.16 6.26 6.09 6.23 8401782
20080404 6.25 6.27 6.15 6.19 8460197
20080407 6.25 6.25 6.12 6.14 5046249
20080408 6.15 6.17 6.07 6.14 6990095
20080409 6.12 6.19 6.02 6.08 6857688
20080410 6.08 6.11 6.00 6.04 7562364
20080411 6.04 6.13 6.01 6.05 7419443
20080414 6.09 6.11 6.02 6.04 4880157
20080415 6.19 6.19 6.05 6.09 8624342
20080416 6.15 6.21 6.11 6.20 6096350
20080417 6.20 6.26 5.98 6.00 11083795
20080418 6.12 6.15 6.08 6.14 8708654
20080421 6.12 6.14 6.03 6.07 5192675
20080422 6.05 6.06 5.83 5.86 9284818
20080423 5.95 5.95 5.81 5.86 6402248
20080424 5.89 5.91 5.81 5.88 7790571
20080425 5.91 5.96 5.85 5.95 7165339
20080428 5.92 6.06 5.92 6.00 6916492
20080429 5.97 6.09 5.96 6.07 7433073
20080430 6.08 6.13 6.00 6.03 11051667
20080501 6.03 6.32 6.03 6.30 10995589
20080502 6.33 6.37 6.28 6.34 7090568
20080505 6.39 6.39 6.13 6.18 6731707
20080506 6.16 6.38 6.16 6.32 10312721
20080507 6.34 6.40 6.27 6.27 7268343
20080508 6.31 6.41 6.23 6.37 7721252
20080509 6.71 6.80 6.54 6.58 11426300
20080512 6.64 6.64 6.40 6.53 11137926
20080513 6.53 6.69 6.53 6.63 9725459
20080514 6.64 6.85 6.63 6.73 14034709
20080515 6.72 6.84 6.69 6.82 6051176
20080516 6.82 6.82 6.70 6.79 5144191
20080519 6.83 6.86 6.73 6.80 6078631
20080520 6.80 6.81 6.66 6.70 6144056
20080521 6.67 6.79 6.65 6.67 9227377
20080522 6.69 6.74 6.61 6.68 6120106
20080523 6.64 6.71 6.54 6.59 7841002
20080527 6.60 6.83 6.60 6.80 6809983
20080528 6.79 6.89 6.74 6.84 8167540
20080529 6.82 6.88 6.73 6.86 8441504
20080530 6.93 6.94 6.82 6.85 12013951
20080602 6.88 7.70 6.73 6.85 8806401
20080603 6.80 6.91 6.67 6.76 11304797
20080604 6.77 6.80 6.69 6.76 6625977
20080605 6.80 6.93 6.74 6.88 7471626
20080606 7.11 7.22 6.92 6.93 17635000
20080609 6.99 7.02 6.86 6.94 8594940
20080610 6.98 6.98 6.84 6.86 10737201
20080611 6.85 6.87 6.68 6.68 8060446
20080612 6.71 6.76 6.53 6.57 10504516
20080613 6.59 6.74 6.59 6.70 6887674
20080616 6.64 6.80 6.63 6.78 9620702
20080617 6.78 6.82 6.71 6.74 7632656
20080618 6.73 6.78 6.50 6.55 10032525
20080619 6.56 6.72 6.55 6.70 9281897
20080620 6.73 6.73 6.53 6.55 11589276
20080623 6.59 6.66 6.51 6.55 6998273
20080624 6.47 6.73 6.47 6.68 14213848
20080625 6.73 6.76 6.68 6.69 9668213
20080626 6.73 6.73 6.52 6.55 8900034
20080627 6.61 6.61 6.31 6.37 13819098
20080630 6.32 6.53 6.31 6.46 9880715
20080701 6.37 6.52 6.28 6.48 14729689
20080702 6.56 6.78 6.36 6.38 9294598
20080703 6.41 6.43 6.26 6.31 7580556
20080707 6.35 6.41 6.15 6.26 9249718
20080708 6.26 6.33 6.17 6.33 13337447
20080709 6.35 6.44 6.26 6.28 9866582
20080710 6.29 6.38 6.24 6.31 9188032
20080711 6.24 6.37 6.15 6.34 11801015
20080714 6.40 6.42 6.23 6.24 6683525
20080715 6.20 6.35 6.17 6.25 7437703
20080716 6.28 6.34 6.19 6.28 9050335
20080717 6.30 6.31 6.19 6.25 9308540
20080718 6.26 6.34 6.20 6.34 7429682
20080721 6.37 6.37 6.22 6.24 6307677
20080722 6.28 6.28 6.15 6.26 9636643
20080723 6.27 6.43 6.26 6.31 7918590
20080724 6.33 6.34 6.19 6.20 7470934
20080725 6.23 6.27 6.13 6.22 7727801
20080728 6.26 6.27 6.19 6.19 7286447
20080729 6.23 6.24 6.14 6.16 6755333
20080730 6.20 6.33 6.18 6.31 6610188
20080731 6.13 6.36 6.13 6.24 6212187
20080801 6.29 6.29 6.18 6.19 4831213
20080804 6.25 6.25 6.14 6.18 5879882
20080805 6.24 6.27 6.13 6.25 6925305
20080806 6.24 6.40 6.18 6.35 7377354
20080807 6.30 6.41 6.29 6.35 8410172
20080808 6.23 6.63 6.20 6.60 9801267
20080811 6.53 6.75 6.53 6.65 11829089
20080812 6.61 6.71 6.53 6.64 6418827
20080813 6.64 6.66 6.55 6.58 7475135
20080814 6.55 6.71 6.48 6.70 8538701
20080815 6.73 6.75 6.58 6.73 7932723
20080818 6.67 6.75 6.59 6.62 6388652
20080819 6.61 6.61 6.34 6.36 9224509
20080820 6.36 6.37 6.24 6.30 8377896
20080821 6.25 6.29 6.20 6.25 5509000
20080822 6.26 6.31 6.24 6.30 5791077
20080825 6.28 6.30 6.23 6.25 5633900
20080826 6.28 6.30 6.22 6.27 5137353
20080827 6.27 6.39 6.26 6.34 4014966
20080828 6.36 6.52 6.36 6.50 6569319
20080829 6.48 6.59 6.48 6.50 6609425
20080902 6.50 6.66 6.49 6.55 9285049
20080903 6.52 6.66 6.52 6.64 5141364
20080904 6.66 6.66 6.48 6.51 8495539
20080905 6.49 6.51 6.33 6.36 6065323
20080908 6.43 6.62 6.41 6.54 8912639
20080909 6.49 6.64 6.37 6.37 16893298
20080910 6.41 6.46 6.33 6.36 7872564
20080911 6.30 6.34 6.22 6.31 7281864
20080912 6.29 6.35 6.21 6.32 6724967
20080915 6.19 6.31 6.13 6.13 7511230
20080916 6.12 6.13 5.90 6.08 13181035
20080917 6.01 6.08 5.83 5.83 10046676
20080918 5.85 6.04 5.68 6.04 15473172
20080919 6.18 6.28 6.12 6.18 9848057
20080922 6.18 6.18 5.95 6.01 5399950
20080923 6.04 6.18 5.92 5.95 6122235
20080924 5.98 6.04 5.90 5.94 5055041
20080925 6.01 6.15 5.95 6.09 6600257
20080926 6.10 6.10 5.97 6.05 6247583
20080929 5.99 6.05 5.75 5.77 11762432
20080930 5.82 5.89 5.73 5.85 8065497
20081001 5.85 5.94 5.78 5.88 8930538
20081002 5.84 5.96 5.75 5.79 8204718
20081003 5.77 5.91 5.60 5.62 12502641
20081006 5.52 5.52 5.16 5.37 14377364
20081007 5.43 5.60 5.13 5.14 16494090
20081008 5.08 5.20 4.79 4.92 16951558
20081009 4.95 5.00 4.67 4.69 18934108
20081010 4.49 4.70 4.22 4.45 20904698
20081013 4.68 5.20 4.56 5.18 11865960
20081014 5.44 5.52 4.92 5.06 13826459
20081015 5.05 5.14 4.58 4.61 10945791
20081016 4.60 4.77 4.47 4.71 15330610
20081017 4.67 4.81 4.56 4.65 9472847
20081020 4.71 4.88 4.65 4.87 6586573
20081021 4.82 4.92 4.67 4.67 6771579
20081022 4.66 4.73 4.28 4.39 8591735
20081023 4.38 4.47 4.13 4.31 13519611
20081024 4.08 4.23 4.01 4.10 15970468
20081027 4.09 4.16 3.83 3.88 13596043
20081028 3.98 4.00 3.75 3.93 17926482
20081029 3.93 3.98 3.78 3.79 15389663
20081030 3.88 3.96 3.41 3.49 22121624
20081031 3.49 4.17 3.47 4.02 20935906
20081103 4.06 4.41 4.01 4.41 13475135
20081104 4.46 4.97 4.45 4.75 19928840
20081105 4.70 4.91 4.46 4.48 12669894
20081106 4.45 4.60 4.21 4.22 12871157
20081107 4.55 4.66 4.33 4.58 10571482
20081110 4.92 4.92 4.43 4.54 10062062
20081111 4.58 4.62 4.34 4.57 10303317
20081112 4.52 4.76 4.48 4.59 16240689
20081113 4.60 4.90 4.36 4.89 13728911
20081114 4.76 4.82 4.48 4.51 14928457
20081117 4.47 4.78 4.42 4.56 9600856
20081118 4.69 4.71 4.35 4.56 13092230
20081119 4.52 4.64 4.14 4.15 10253982
20081120 4.25 4.40 3.86 3.87 16389814
20081121 3.92 3.99 3.63 3.95 16512030
20081124 4.01 4.46 3.99 4.36 8954645
20081125 4.43 4.51 4.28 4.45 8564077
20081126 4.40 4.72 4.31 4.70 6968731
20081128 4.69 4.77 4.58 4.74 2845723
20081201 4.66 4.66 4.36 4.36 9115917
20081202 4.43 4.66 4.27 4.66 10943175
20081203 4.56 4.71 4.44 4.69 10420487
20081204 4.62 4.68 4.26 4.34 11752527
20081205 4.32 4.62 4.28 4.51 11050441
20081208 4.50 4.75 4.49 4.71 8561648
20081209 4.57 4.95 4.57 4.70 9300736
20081210 4.71 4.90 4.63 4.81 7740709
20081211 4.94 4.94 4.60 4.64 8669475
20081212 4.54 4.69 4.49 4.63 8347864
20081215 4.63 4.75 4.50 4.59 10362556
20081216 4.61 4.86 4.54 4.83 8326187
20081217 4.74 4.87 4.71 4.78 5877011
20081218 4.85 4.99 4.76 4.79 6891179
20081219 4.83 5.13 4.83 4.91 9914245
20081222 4.92 5.01 4.87 5.00 6724300
20081223 4.98 5.03 4.88 4.89 4691854
20081224 4.89 4.98 4.82 4.94 2240624
20081226 4.97 5.01 4.94 5.00 2505051
20081229 5.01 5.01 4.80 4.89 4174639
20081230 4.90 4.92 4.82 4.91 4970172
20081231 4.90 5.08 4.87 5.06 4460915
20090102 5.05 5.21 4.99 5.19 4292132
20090105 5.21 5.21 4.95 5.01 6856244
20090106 5.07 5.18 5.00 5.13 5953585
20090107 5.10 5.10 4.92 4.94 4633880
20090108 4.94 5.10 4.92 5.10 4248300
20090109 5.09 5.10 4.95 4.96 3865629
20090112 4.98 4.99 4.76 4.83 5529082
20090113 4.77 4.83 4.73 4.81 5949038
20090114 4.67 4.77 4.56 4.60 7191081
20090115 4.60 4.82 4.49 4.76 9533665
20090116 4.83 4.90 4.70 4.80 6706013
20090120 4.77 4.83 4.59 4.59 8574079
20090121 4.68 4.76 4.61 4.75 7479721
20090122 4.67 4.88 4.63 4.84 6292423
20090123 4.74 4.91 4.67 4.85 6312248
20090126 4.85 5.00 4.84 4.95 6434288
20090127 4.99 5.06 4.87 5.01 4832673
20090128 5.07 5.11 5.00 5.06 6218581
20090129 5.01 5.07 4.87 4.90 4546033
20090130 4.96 4.99 4.73 4.77 7033393
20090202 4.71 4.80 4.68 4.78 5362664
20090203 4.79 4.98 4.78 4.95 6387727
20090204 4.94 4.95 4.75 4.76 6876432
20090205 4.84 4.92 4.79 4.84 10449602
20090206 4.86 4.95 4.82 4.94 7780001
20090209 4.93 4.95 4.81 4.89 6785130
20090210 4.88 4.89 4.67 4.71 8347459
20090211 4.77 4.77 4.51 4.54 8832163
20090212 4.48 4.64 4.47 4.64 6659452
20090213 4.63 4.66 4.50 4.54 9097341
20090217 4.50 4.50 4.26 4.28 6398640
20090218 4.32 4.34 4.16 4.20 6881707
20090219 4.21 4.26 4.11 4.12 8044451
20090220 4.10 4.29 4.10 4.24 7586119
20090223 4.27 4.31 4.02 4.02 9207377
20090224 4.05 4.17 3.98 4.15 8143938
20090225 4.13 4.24 4.05 4.17 15012913
20090226 4.22 4.26 4.02 4.04 10670947
20090227 4.00 4.21 3.98 4.10 7082318
20090302 4.04 4.04 3.71 3.74 15849187
20090303 3.74 3.77 3.46 3.51 15771343
20090304 3.58 3.90 3.58 3.83 18588084
20090305 3.71 3.80 3.63 3.65 10698592
20090306 3.67 3.79 3.52 3.61 9515841
20090309 3.54 3.65 3.45 3.47 9566040
20090310 3.54 3.74 3.52 3.74 10410498
20090311 3.76 3.93 3.73 3.83 10498163
20090312 3.83 3.99 3.79 3.95 8594995
20090313 3.98 4.01 3.88 3.98 8815249
20090316 4.01 4.15 4.01 4.07 7593940
20090317 4.10 4.28 4.00 4.26 8518424
20090318 4.29 4.47 4.17 4.44 16066349
20090319 4.50 4.51 4.29 4.39 8496235
20090320 4.40 4.53 4.35 4.40 13783420
20090323 4.53 4.60 4.38 4.60 10865556
20090324 4.66 4.67 4.53 4.57 5539995
20090325 4.62 4.65 4.43 4.54 7686516
20090326 4.57 4.62 4.44 4.60 8028264
20090327 4.61 4.61 4.52 4.55 5971967
20090330 4.53 4.59 4.45 4.55 8987240
20090331 4.59 4.65 4.52 4.57 9244850
20090401 4.59 4.68 4.45 4.65 8218645
20090402 4.65 4.81 4.65 4.74 8449964
20090403 4.73 4.83 4.72 4.83 6597642
20090406 4.81 4.90 4.68 4.82 8261168
20090407 4.77 4.77 4.63 4.67 6055955
20090408 4.70 4.77 4.62 4.66 4519470
20090409 4.77 4.82 4.72 4.81 4913648
20090413 4.84 4.84 4.67 4.73 5228603
20090414 4.70 4.74 4.63 4.67 5162789
20090415 4.65 4.76 4.60 4.74 4125644
20090416 4.80 4.80 4.67 4.72 6436724
20090417 4.74 4.80 4.72 4.78 11168986
20090420 4.74 4.79 4.66 4.70 8314631
20090421 4.68 4.77 4.65 4.74 5685420
20090422 4.70 4.78 4.66 4.68 4624631
20090423 4.69 4.71 4.62 4.68 6588820
20090424 4.73 4.77 4.66 4.70 4790666
20090427 4.69 4.72 4.60 4.66 5096269
20090428 4.66 4.73 4.60 4.69 4568874
20090429 4.71 4.79 4.69 4.72 4243509
20090430 4.77 4.79 4.68 4.70 5394991
20090501 4.71 4.79 4.66 4.79 4391017
20090504 4.79 4.92 4.79 4.86 4506413
20090505 4.87 5.00 4.81 4.97 8310749
20090506 5.06 5.10 4.86 4.96 7552211
20090507 5.06 5.10 4.93 4.98 7479163
20090508 5.06 5.17 5.00 5.13 6714096
20090511 5.02 5.17 4.94 4.94 8182650
20090512 4.95 5.01 4.87 4.88 7041578
20090513 4.96 4.99 4.75 4.76 8231525
20090514 4.78 4.79 4.69 4.76 7577090
20090515 4.78 4.78 4.63 4.67 5722297
20090518 4.69 4.81 4.69 4.80 6371968
20090519 4.83 4.85 4.76 4.79 4265565
20090520 4.79 4.90 4.74 4.76 13229514
20090521 4.72 4.74 4.62 4.65 5825694
20090522 4.65 4.69 4.60 4.61 3895030
20090526 4.61 4.76 4.59 4.70 5198607
20090527 4.71 4.76 4.66 4.71 5989082
20090528 4.73 4.81 4.68 4.77 4815192
20090529 4.82 4.84 4.66 4.77 7612732
20090601 4.83 4.85 4.76 4.80 8063902
20090602 4.79 4.88 4.79 4.86 5124147
20090603 4.86 4.90 4.75 4.76 5611313
20090604 4.78 4.82 4.76 4.78 4334378
20090605 4.86 4.86 4.76 4.78 5398696
20090608 4.78 4.81 4.70 4.73 6812552
20090609 4.73 4.80 4.72 4.76 5337293
20090610 4.78 4.83 4.77 4.82 6445193
20090611 4.84 4.89 4.82 4.83 6785027
20090612 4.82 4.85 4.79 4.84 4968346
20090615 4.82 4.83 4.77 4.78 6432666
20090616 4.81 4.83 4.72 4.73 6585114
20090617 4.78 4.79 4.72 4.75 3927319
20090618 4.77 4.79 4.73 4.75 3839449
20090619 4.81 4.81 4.65 4.65 12602251
20090622 4.66 4.74 4.65 4.70 7887633
20090623 4.69 4.83 4.69 4.76 12630482
20090624 4.81 4.91 4.77 4.82 9123279
20090625 4.82 4.87 4.80 4.87 6749208
20090626 4.82 4.90 4.80 4.82 8046434
20090629 4.82 4.88 4.80 4.87 5022298
20090630 4.87 4.90 4.77 4.88 9085772
20090701 4.90 4.99 4.89 4.94 6294104
20090702 4.93 4.94 4.85 4.85 5992427
20090706 4.84 4.89 4.79 4.86 5618799
20090707 4.86 4.89 4.73 4.74 5175449
20090708 4.77 4.77 4.58 4.62 8985042
20090709 4.66 4.70 4.61 4.64 7436913
20090710 4.62 4.72 4.50 4.62 17166640
20090713 4.62 4.69 4.58 4.69 4238040
20090714 4.70 4.73 4.62 4.68 4203264
20090715 4.73 4.74 4.65 4.68 9075322
20090716 4.68 4.73 4.65 4.69 11518204
20090717 4.69 4.78 4.68 4.76 5903517
20090720 4.79 4.84 4.76 4.83 5107267
20090721 4.83 4.86 4.80 4.86 4323353
20090722 4.86 4.87 4.80 4.82 3293779
20090723 4.81 4.94 4.81 4.90 5129366
20090724 4.87 4.90 4.83 4.89 3575241
20090727 4.90 4.94 4.85 4.92 4311532
20090728 4.90 4.98 4.90 4.97 5436011
20090729 4.96 5.00 4.93 4.99 6690686
20090730 5.01 5.10 4.99 5.08 5840646
20090731 5.11 5.18 5.03 5.12 8774502
20090803 5.19 5.29 5.12 5.29 8920629
20090804 5.26 5.30 5.16 5.22 7082301
20090805 5.20 5.25 5.14 5.22 5641584
20090806 5.28 5.28 5.00 5.05 10622252
20090807 5.07 5.17 5.06 5.14 4996601
20090810 5.14 5.15 5.06 5.11 5363719
20090811 5.11 5.18 4.99 5.01 5150952
20090812 5.00 5.05 4.96 4.97 7698161
20090813 5.00 5.03 4.94 5.01 6861140
20090814 5.01 5.04 4.93 4.99 5233694
20090817 4.95 4.97 4.82 4.85 11730457
20090818 4.87 4.88 4.77 4.78 9614778
20090819 4.86 4.86 4.79 4.85 5921162
20090820 4.87 4.92 4.85 4.92 4735696
20090821 4.93 5.03 4.92 5.02 5515157
20090824 5.03 5.06 5.02 5.04 4408151
20090825 5.04 5.07 4.97 4.99 7291642
20090826 4.99 5.02 4.96 5.01 3700469
20090827 5.00 5.07 4.95 5.03 4034010
20090828 5.07 5.07 4.95 4.99 5003282
20090831 5.01 5.01 4.95 5.00 8413552
20090901 5.00 5.01 4.96 4.96 8801912
20090902 4.96 4.98 4.90 4.92 9147273
20090903 4.94 4.95 4.85 4.93 7296610
20090904 4.92 5.00 4.89 5.00 4373375
20090908 5.03 5.07 5.00 5.04 5746083
20090909 5.08 5.16 5.06 5.14 9830115
20090910 5.15 5.27 5.13 5.27 7740303
20090911 5.29 5.31 5.24 5.27 6450338
20090914 5.25 5.28 5.22 5.26 7186972
20090915 5.28 5.43 5.25 5.42 10330854
20090916 5.46 5.61 5.43 5.52 11878812
20090917 5.52 5.60 5.52 5.55 9222992
20090918 5.56 5.68 5.55 5.67 9191471
20090921 5.69 5.69 5.59 5.60 8712830
20090922 5.66 5.66 5.59 5.60 8519764
20090923 5.64 5.71 5.60 5.62 10513128
20090924 5.68 5.69 5.62 5.68 8671031
20090925 5.69 5.84 5.64 5.76 12981535
20090928 5.78 5.86 5.75 5.83 10913052
20090929 5.84 5.94 5.81 5.87 9635391
20090930 6.11 6.19 5.94 6.07 19306346
20091001 6.08 6.08 5.95 5.95 12167004
20091002 5.95 5.95 5.85 5.86 11738055
20091005 5.93 6.09 5.88 6.07 21416190
20091006 6.11 6.22 6.03 6.12 18297842
20091007 6.11 6.13 6.02 6.10 6544425
20091008 6.09 6.09 5.98 6.02 9341856
20091009 6.00 6.05 5.99 6.03 5201144
20091012 6.07 6.07 6.03 6.04 3974910
20091013 6.04 6.05 5.94 6.00 8070873
20091014 6.07 6.07 5.98 6.02 5900252
20091015 6.04 6.13 6.03 6.12 6001937
20091016 6.08 6.11 6.04 6.09 5294481
20091019 6.09 6.16 6.07 6.08 8659947
20091020 6.10 6.10 6.00 6.03 6276604
20091021 6.04 6.11 5.99 5.99 6438733
20091022 6.02 6.05 5.99 6.04 4290986
20091023 6.03 6.07 5.96 5.97 6073567
20091026 5.97 6.05 5.93 5.94 6100784
20091027 5.95 5.98 5.82 5.83 8906897
20091028 5.86 5.90 5.76 5.76 6852988
20091029 5.78 5.89 5.78 5.86 9534540
20091030 5.86 5.88 5.77 5.77 7775502
20091102 5.81 5.89 5.80 5.86 7230509
20091103 5.87 5.91 5.79 5.89 5767510
20091104 6.01 6.03 5.89 5.97 6512701
20091105 6.04 6.13 6.03 6.10 5574992
20091106 6.10 6.16 6.06 6.16 6948662
20091109 6.15 6.15 5.89 6.03 14739692
20091110 6.03 6.06 5.98 6.00 9766129
20091111 6.03 6.10 5.98 6.02 6993577
20091112 6.01 6.04 5.91 5.91 8021617
20091113 5.92 5.98 5.92 5.95 5680685
20091116 6.00 6.05 5.98 6.00 7483470
20091117 6.04 6.05 5.99 6.01 6102286
20091118 6.03 6.04 5.98 6.00 6293635
20091119 5.99 6.02 5.98 6.01 5895576
20091120 6.01 6.03 5.99 6.02 6283951
20091123 6.05 6.08 6.03 6.07 8783338
20091124 5.99 6.08 5.93 6.04 18115844
20091125 6.03 6.08 6.00 6.07 12318112
20091127 6.01 6.09 5.95 6.06 4173438
20091130 6.08 6.10 5.93 5.94 12444175
20091201 5.99 6.07 5.96 6.07 7771996
20091202 6.08 6.28 6.07 6.26 10173037
20091203 6.29 6.34 6.26 6.29 7582984
20091204 6.35 6.40 6.29 6.36 11999198
20091207 6.41 6.51 6.38 6.44 9436027
20091208 6.58 6.58 6.41 6.51 12771772
20091209 6.57 6.59 6.47 6.53 9706520
20091210 6.59 6.59 6.52 6.55 8044492
20091211 6.57 6.59 6.48 6.59 15884110
20091214 6.59 6.62 6.52 6.53 8247529
20091215 6.52 6.55 6.38 6.43 10143483
20091216 6.51 6.55 6.47 6.49 7147691
20091217 6.53 6.53 6.43 6.45 6991073
20091218 6.50 6.56 6.48 6.49 12750567
20091221 6.55 6.68 6.55 6.64 7056692
20091222 6.68 6.76 6.62 6.73 6509862
20091223 6.80 6.85 6.74 6.79 7338205
20091224 6.82 6.88 6.80 6.88 3428247
20091228 6.90 6.98 6.89 6.95 5905762
20091229 6.98 7.00 6.77 6.79 9874253
20091230 6.78 6.79 6.62 6.77 6493360
20091231 6.69 6.79 6.59 6.73 6072505
20100104 6.73 6.87 6.71 6.80 8657922
20100105 6.82 6.88 6.77 6.78 8392437
20100106 6.79 6.84 6.72 6.73 9447679
20100107 6.73 6.76 6.70 6.72 8366624
20100108 6.71 6.73 6.62 6.66 5640213
20100111 6.65 6.68 6.55 6.65 9120438
20100112 6.60 6.64 6.51 6.54 9270743
20100113 6.54 6.61 6.52 6.56 7478024
20100114 6.59 6.67 6.56 6.61 7006032
20100115 6.67 6.68 6.48 6.52 7758867
20100119 6.60 6.71 6.56 6.68 8057190
20100120 6.69 6.73 6.60 6.62 6015487
20100121 6.59 6.65 6.46 6.49 8325453
20100122 6.49 6.56 6.46 6.46 8725723
20100125 6.49 6.59 6.46 6.56 5923016
20100126 6.57 6.58 6.40 6.46 8816723
20100127 6.43 6.46 6.29 6.39 6784005
20100128 6.43 6.45 6.34 6.38 6967476
20100129 6.41 6.44 6.30 6.31 14188837
20100201 6.29 6.34 6.25 6.27 8068463
20100202 6.29 6.48 6.28 6.45 7005542
20100203 6.45 6.48 6.41 6.44 4708809
20100204 6.43 6.43 6.23 6.23 6407098
20100205 6.21 6.21 6.05 6.12 17998426
20100208 6.05 6.22 6.04 6.11 9185952
20100209 6.19 6.26 6.16 6.19 6423762
20100210 6.21 6.29 6.19 6.24 6042444
20100211 6.23 6.23 6.13 6.19 9393438
20100212 6.18 6.24 6.13 6.23 7290632
20100216 6.29 6.34 6.23 6.30 6739404
20100217 6.32 6.43 6.26 6.43 8067646
20100218 6.32 6.55 6.32 6.54 11296927
20100219 6.38 6.43 6.22 6.32 18127656
20100222 6.30 6.33 6.22 6.24 7931881
20100223 6.26 6.27 6.20 6.20 9715615
20100224 6.23 6.26 6.21 6.24 7249625
20100225 6.21 6.22 6.14 6.16 9938949
20100226 6.18 6.24 6.15 6.20 17148710
20100301 6.23 6.32 6.21 6.30 8552708
20100302 6.34 6.40 6.32 6.36 9125666
20100303 6.41 6.43 6.24 6.27 11364074
20100304 6.27 6.35 6.27 6.29 14144889
20100305 6.38 6.38 6.26 6.35 9977669
20100308 6.37 6.56 6.33 6.49 16704329
20100309 6.47 6.60 6.44 6.57 7918321
20100310 6.59 6.65 6.56 6.63 7628656
20100311 6.63 6.63 6.59 6.62 6958163
20100312 6.65 6.71 6.62 6.71 8613974
20100315 6.71 6.82 6.67 6.81 9817725
20100316 6.79 6.82 6.75 6.78 7518215
20100317 6.81 6.90 6.79 6.88 6873208
20100318 6.87 6.93 6.83 6.90 9146415
20100319 6.72 6.98 6.71 6.72 20796232
20100322 6.72 6.91 6.67 6.88 8040199
20100323 6.93 6.94 6.87 6.93 5345320
20100324 6.93 6.94 6.86 6.87 6403830
20100325 6.88 6.93 6.85 6.85 6780738
20100326 6.90 6.92 6.86 6.88 7338665
20100329 6.89 6.91 6.84 6.87 7512174
20100330 6.85 6.88 6.79 6.84 6272738
20100331 6.85 6.91 6.78 6.82 5724984
20100401 6.89 6.90 6.82 6.85 4445772
20100405 6.89 6.97 6.86 6.94 5057902
20100406 6.95 6.95 6.87 6.91 5157421
20100407 6.98 6.98 6.87 6.88 5340326
20100408 6.89 6.90 6.82 6.89 6877999
20100409 6.89 6.89 6.80 6.86 6939021
20100412 6.89 6.92 6.85 6.89 4779792
20100413 6.90 6.91 6.84 6.89 4757588
20100414 6.89 6.92 6.85 6.92 12718157
20100415 6.92 6.97 6.89 6.96 5988398
20100416 6.92 6.97 6.82 6.87 6708194
20100419 6.88 6.89 6.83 6.89 5913798
20100420 6.92 6.95 6.89 6.95 5216047
20100421 6.96 6.97 6.89 6.94 4533949
20100422 6.90 6.94 6.84 6.94 7619041
20100423 6.97 6.97 6.89 6.96 5648467
20100426 6.95 6.99 6.90 6.91 5898304
20100427 6.91 6.95 6.87 6.88 7654823
20100428 6.89 6.92 6.85 6.89 5607574
20100429 6.95 6.97 6.89 6.97 3594828
20100430 6.97 7.01 6.91 6.91 5743035
20100503 6.97 7.02 6.92 6.99 6800365
20100504 6.95 6.97 6.85 6.89 8854963
20100505 6.90 6.94 6.83 6.89 8881480
20100506 6.92 6.94 3.77 6.44 29334330
20100507 6.42 6.54 6.29 6.40 17634368
20100510 6.70 6.80 6.61 6.67 10499344
20100511 6.69 6.74 6.60 6.62 10765793
20100512 6.68 6.83 6.62 6.81 8844899
20100513 6.80 6.87 6.74 6.77 5625944
20100514 6.78 6.78 6.66 6.72 5547990
20100517 6.73 6.78 6.65 6.77 5862521
20100518 6.88 6.88 6.70 6.73 7458661
20100519 6.71 6.76 6.65 6.74 8150183
20100520 6.64 6.64 6.45 6.50 11663062
20100521 6.37 6.61 6.35 6.60 11070900
20100524 6.56 6.75 6.49 6.60 7511375
20100525 6.48 6.59 6.40 6.59 9250004
20100526 6.63 6.74 6.60 6.63 10121076
20100527 6.69 6.81 6.67 6.81 9495527
20100528 6.82 6.85 6.68 6.68 19145204
20100601 6.64 6.79 6.62 6.68 8120311
20100602 6.70 6.86 6.70 6.86 9207034
20100603 6.87 6.90 6.82 6.89 7200518
20100604 6.82 6.87 6.73 6.75 9363580
20100607 6.83 6.85 6.62 6.64 12677103
20100608 6.64 6.69 6.57 6.63 10540398
20100609 6.69 6.82 6.62 6.72 9167418
20100610 6.73 6.87 6.73 6.87 6277371
20100611 6.84 6.93 6.79 6.93 5064452
20100614 6.95 7.04 6.95 6.98 6010602
20100615 6.99 7.07 6.98 7.06 5561089
20100616 7.05 7.16 7.02 7.16 6674648
20100617 7.16 7.20 7.04 7.20 6267307
20100618 7.20 7.20 7.07 7.09 11486388
20100621 7.17 7.20 7.10 7.14 6005171
20100622 7.16 7.18 7.07 7.09 5783449
20100623 7.12 7.12 7.01 7.04 6360117
20100624 7.06 7.08 6.98 6.99 5758370
20100625 7.01 7.01 6.94 6.96 7731020
20100628 6.97 7.04 6.88 6.99 6685267
20100629 6.93 6.94 6.82 6.85 7468518
20100630 6.85 6.89 6.76 6.76 6322530
20100701 6.76 6.82 6.62 6.76 12584473
20100702 6.76 6.87 6.72 6.79 6831424
20100706 6.83 6.94 6.76 6.82 5901392
20100707 6.84 6.99 6.82 6.98 5517419
20100708 7.01 7.16 6.98 7.16 7400280
20100709 7.15 7.15 7.04 7.13 4349257
20100712 7.10 7.23 7.09 7.17 6560191
20100713 7.20 7.24 7.16 7.22 5550679
20100714 7.22 7.31 7.17 7.31 7144662
20100715 7.31 7.33 7.24 7.29 5215736
20100716 7.28 7.29 7.14 7.15 5660608
20100719 7.20 7.23 7.13 7.19 4546007
20100720 7.14 7.31 7.11 7.30 5449337
20100721 7.28 7.31 7.20 7.22 4768521
20100722 7.28 7.36 7.26 7.32 5028355
20100723 7.35 7.40 7.30 7.35 5159678
20100726 7.37 7.47 7.36 7.46 4812399
20100727 7.48 7.56 7.45 7.45 6340643
20100728 7.50 7.54 7.46 7.47 8498173
20100729 7.52 7.57 7.38 7.40 9906494
20100730 7.36 7.36 7.22 7.30 12770917
20100802 7.39 7.45 7.36 7.40 9625111
20100803 7.41 7.43 7.35 7.36 7954770
20100804 7.39 7.41 7.31 7.36 6719933
20100805 7.36 7.38 7.30 7.32 7871230
20100806 7.49 7.49 7.36 7.40 13557446
20100809 7.46 7.49 7.41 7.41 7224299
20100810 7.40 7.46 7.37 7.39 9418368
20100811 7.36 7.38 7.27 7.28 6261944
20100812 7.22 7.26 7.19 7.22 8117323
20100813 7.24 7.32 7.21 7.26 6089085
20100816 7.25 7.30 7.24 7.29 7191819
20100817 7.31 7.39 7.28 7.36 7509429
20100818 7.42 7.48 7.29 7.30 25257640
20100819 7.30 7.31 7.15 7.20 8939142
20100820 7.18 7.20 7.12 7.17 9259875
20100823 7.20 7.22 7.09 7.09 7216335
20100824 7.06 7.19 7.03 7.17 11116035
20100825 7.19 7.28 7.13 7.23 17406086
20100826 7.28 7.30 7.16 7.16 7755366
20100827 7.20 7.29 7.11 7.29 4743693
20100830 7.28 7.31 7.26 7.26 3824748
20100831 7.24 7.40 7.22 7.37 8576873
20100901 7.43 7.51 7.37 7.50 7626230
20100902 7.51 7.57 7.48 7.57 6412160
20100903 7.61 7.65 7.58 7.65 5689028
20100907 7.65 7.67 7.59 7.65 4870019
20100908 7.65 7.70 7.65 7.68 5201214
20100909 7.73 7.78 7.68 7.76 5261176
20100910 7.76 7.90 7.72 7.90 5974471
20100913 8.00 8.05 7.90 7.93 9498941
20100914 7.88 7.91 7.76 7.90 9376207
20100915 7.85 7.95 7.85 7.92 7060184
20100916 7.91 7.92 7.86 7.89 10062332
20100917 7.95 7.99 7.90 7.95 7406058
20100920 8.01 8.15 7.99 8.13 7087042
20100921 8.15 8.27 8.11 8.25 23885702
20100922 8.25 8.29 8.20 8.27 21414310
20100923 8.24 8.27 8.20 8.24 19345160
20100924 8.29 8.36 8.27 8.34 8199770
20100927 8.33 8.36 8.26 8.27 9988160
20100928 8.25 8.26 8.10 8.23 11461217
20100929 8.20 8.22 8.12 8.16 7569353
20100930 8.17 8.22 7.99 8.03 11453714
20101001 8.05 8.11 8.01 8.05 7343338
20101004 8.05 8.11 8.00 8.02 4447561
20101005 8.06 8.16 8.05 8.10 20639930
20101006 8.13 8.16 8.03 8.03 6809079
20101007 8.08 8.08 7.97 8.03 6120469
20101008 8.01 8.03 7.90 7.93 6548152
20101011 7.94 8.02 7.93 8.02 3879155
20101012 8.02 8.03 7.96 8.01 6887327
20101013 8.05 8.07 8.01 8.03 4635141
20101014 8.04 8.14 8.04 8.09 4776018
20101015 8.16 8.18 8.05 8.07 13589064
20101018 8.10 8.14 8.07 8.11 4490131
20101019 8.07 8.08 7.98 8.05 5854795
20101020 8.07 8.15 8.05 8.12 4507281
20101021 8.13 8.20 8.09 8.14 4602526
20101022 8.11 8.13 8.07 8.13 3762626
20101025 8.18 8.20 8.13 8.18 6249249
20101026 8.14 8.23 8.12 8.19 5590039
20101027 8.13 8.18 8.10 8.14 4585528
20101028 8.20 8.23 8.16 8.19 4407749
20101029 8.19 8.28 8.16 8.27 4074086
20101101 8.29 8.32 8.23 8.25 4218331
20101102 8.30 8.37 8.29 8.36 5125300
20101103 8.38 8.46 8.36 8.46 7220224
20101104 8.49 8.66 8.44 8.66 11144092
20101105 8.62 8.65 8.52 8.64 6828220
20101108 8.56 8.57 8.35 8.46 10097013
20101109 8.49 8.56 8.45 8.50 7689863
20101110 8.48 8.72 8.48 8.72 8261332
20101111 8.65 8.68 8.55 8.60 6753188
20101112 8.59 8.59 8.44 8.49 5758937
20101115 8.51 8.59 8.50 8.52 4589816
20101116 8.50 8.52 8.32 8.39 6521355
20101117 8.42 8.55 8.37 8.52 7484061
20101118 8.56 8.72 8.56 8.72 6195961
20101119 8.70 8.71 8.63 8.65 6423354
20101122 8.62 8.63 8.54 8.61 4709102
20101123 8.56 8.59 8.48 8.49 6131188
20101124 8.55 8.63 8.55 8.57 4675261
20101126 8.55 8.60 8.52 8.58 1761109
20101129 8.54 8.56 8.43 8.52 5966883
20101130 8.45 8.57 8.43 8.52 5995212
20101201 8.59 8.69 8.56 8.65 5771647
20101202 8.63 8.81 8.62 8.78 7101704
20101203 8.80 8.92 8.77 8.92 7566597
20101206 8.87 8.93 8.76 8.89 16136784
20101207 8.97 9.02 8.91 8.92 8337742
20101208 8.99 9.03 8.91 8.94 6238530
20101209 9.03 9.17 8.99 9.15 10959575
20101210 9.17 9.20 9.09 9.14 6213417
20101213 9.18 9.24 9.12 9.23 6866196
20101214 9.27 9.29 9.17 9.27 7588953
20101215 9.29 9.40 9.27 9.27 7230943
20101216 9.27 9.29 9.20 9.23 9275029
20101217 9.23 9.27 9.14 9.14 16720503
20101220 9.20 9.25 9.19 9.23 7118701
20101221 9.25 9.32 9.22 9.25 6543252
20101222 9.28 9.29 9.23 9.29 4365486
20101223 9.29 9.31 9.28 9.28 3278134
20101227 9.28 9.32 9.22 9.29 4343435
20101228 9.32 9.32 9.29 9.31 4463946
20101229 9.36 9.36 9.24 9.31 5963221
20101230 9.29 9.34 9.28 9.29 3254362
20101231 9.28 9.31 9.27 9.27 3269406
20110103 9.31 9.33 9.27 9.29 6382353
20110104 9.29 9.31 9.14 9.27 9402777
20110105 9.24 9.33 9.23 9.31 5928018
20110106 9.31 9.32 9.05 9.05 9292051
20110107 9.10 9.11 8.90 8.98 13740772
20110110 8.96 8.96 8.72 8.83 12907925
20110111 8.83 8.85 8.60 8.63 12191069
20110112 8.67 8.89 8.65 8.89 9298520
20110113 8.87 8.91 8.72 8.75 8437541
20110114 8.72 8.74 8.67 8.70 6899422
20110118 8.71 8.74 8.61 8.62 7094094
20110119 8.57 8.60 8.46 8.51 9045928
20110120 8.48 8.61 8.46 8.61 8360214
20110121 8.61 8.62 8.45 8.47 17257956
20110124 8.44 8.59 8.44 8.49 7688189
20110125 8.51 8.55 8.44 8.51 9247220
20110126 8.53 8.54 8.47 8.51 8083701
20110127 8.53 8.58 8.48 8.57 6225141
20110128 8.56 8.57 8.40 8.44 8548567
20110131 8.45 8.56 8.45 8.51 7088527
20110201 8.57 8.70 8.55 8.65 8028339
20110202 8.65 8.67 8.56 8.56 6818785
20110203 8.59 8.69 8.50 8.67 6358282
20110204 8.70 8.71 8.63 8.66 3841086
20110207 8.66 8.71 8.65 8.69 4359509
20110208 8.71 8.76 8.70 8.75 4098492
20110209 8.71 8.74 8.69 8.69 4895835
20110210 8.70 8.71 8.65 8.67 4082094
20110211 8.65 8.77 8.65 8.77 4948490
20110214 8.77 8.82 8.73 8.81 7207677
20110215 8.80 8.82 8.75 8.80 16812948
20110216 8.81 8.81 8.71 8.79 5014835
20110217 8.77 8.79 8.72 8.79 8249188
20110218 8.73 8.79 8.29 8.36 23765176
20110222 8.31 8.32 8.04 8.14 18524828
20110223 8.15 8.18 8.01 8.11 14462593
20110224 8.19 8.21 8.04 8.17 9313113
20110225 8.22 8.30 8.21 8.28 8794088
20110228 8.29 8.41 8.28 8.34 9833944
20110301 8.54 8.55 8.28 8.28 9400069
20110302 8.28 8.40 8.21 8.24 10735242
20110303 8.30 8.42 8.22 8.31 23493326
20110304 8.30 8.34 8.21 8.24 17761186
20110307 8.30 8.36 8.26 8.28 20867212
20110308 8.32 8.53 8.28 8.53 15019981
20110309 8.50 8.57 8.44 8.56 7754534
20110310 8.51 8.56 8.44 8.46 9822811
20110311 8.46 8.55 8.46 8.54 8577903
20110314 8.51 8.53 8.42 8.44 8572788
20110315 8.31 8.55 8.26 8.53 21160874
20110316 8.53 8.63 8.38 8.46 14352921
20110317 8.54 8.56 8.35 8.46 10409384
20110318 8.58 8.59 8.44 8.59 17134594
20110321 8.64 8.66 8.51 8.51 13398216
20110322 8.49 8.61 8.48 8.61 8826734
20110323 8.60 8.63 8.56 8.60 9313715
20110324 8.64 8.64 8.57 8.61 8120259
20110325 8.63 8.65 8.53 8.57 12595909
20110328 8.64 8.73 8.61 8.70 8163887
20110329 8.67 8.69 8.50 8.65 8814874
20110330 8.69 8.78 8.63 8.69 6849849
20110331 8.67 8.76 8.67 8.73 7801815
20110401 8.73 8.76 8.60 8.63 8099756
20110404 8.64 8.70 8.59 8.68 4709363
20110405 8.68 8.71 8.62 8.64 15699402
20110406 8.65 8.67 8.55 8.57 6803069
20110407 8.57 8.63 8.48 8.50 7194569
20110408 8.52 8.59 8.48 8.54 3593153
20110411 8.55 8.58 8.50 8.57 5368405
20110412 8.55 8.56 8.47 8.47 5033129
20110413 8.49 8.55 8.47 8.50 4088098
20110414 8.46 8.49 8.39 8.45 6444772
20110415 8.49 8.60 8.42 8.59 6439607
20110418 8.59 8.59 8.45 8.49 5824836
20110419 8.47 8.48 8.40 8.44 8259573
20110420 8.52 8.53 8.44 8.47 5974913
20110421 8.49 8.57 8.47 8.57 3671364
20110425 8.56 8.59 8.47 8.50 3671069
20110426 8.52 8.69 8.52 8.68 5164908
20110427 8.71 8.71 8.59 8.65 6445215
20110428 8.63 8.69 8.61 8.68 4292481
20110429 8.68 8.69 8.65 8.68 4279495
20110502 8.67 8.71 8.61 8.69 6512506
20110503 8.70 8.90 8.69 8.90 21223934
20110504 8.88 8.96 8.82 8.96 8322880
20110505 8.65 8.81 8.50 8.62 22087360
20110506 8.69 8.74 8.63 8.71 9669150
20110509 8.75 8.77 8.65 8.76 6063750
20110510 8.81 8.98 8.81 8.95 7501660
20110511 8.98 9.04 8.90 8.99 7559802
20110512 8.94 9.05 8.92 9.02 5814063
20110513 9.03 9.04 8.94 9.01 5359699
20110516 9.05 9.14 8.97 9.04 12844536
20110517 9.00 9.11 8.98 9.11 6702280
20110518 9.13 9.14 9.06 9.13 10073194
20110519 9.14 9.18 9.10 9.18 3927101
20110520 9.20 9.20 9.08 9.13 5469785
20110523 9.08 9.08 8.98 9.06 5902752
20110524 9.11 9.11 9.01 9.05 6651221
20110525 9.01 9.04 8.95 8.97 10630709
20110526 8.99 9.11 8.91 9.09 10625544
20110527 9.09 9.11 9.03 9.09 3933004
20110531 9.15 9.16 9.01 9.11 8743894
20110601 9.07 9.09 8.94 8.95 7398214
20110602 8.94 9.04 8.92 9.03 7070021
20110603 8.92 9.03 8.88 8.90 6246145
20110606 8.90 8.90 8.75 8.78 5683022
20110607 8.79 8.86 8.71 8.82 6891758
20110608 8.81 8.81 8.67 8.71 7592415
20110609 8.72 8.88 8.71 8.82 6262377
20110610 8.81 8.81 8.68 8.68 5811407
20110613 8.74 8.79 8.65 8.65 5880027
20110614 8.71 8.81 8.69 8.76 5994687
20110615 8.71 8.75 8.64 8.68 5681399
20110616 8.67 8.79 8.65 8.79 10352541
20110617 8.87 8.88 8.76 8.86 11193093
20110620 8.86 8.97 8.86 8.90 5376964
20110621 8.95 9.01 8.92 8.98 11586807
20110622 8.97 9.05 8.96 8.97 4105659
20110623 8.88 8.92 8.78 8.90 6722202
20110624 8.91 8.94 8.82 8.84 6536560
20110627 8.86 8.92 8.81 8.88 6434442
20110628 8.90 8.92 8.82 8.90 6293554
20110629 8.96 8.98 8.91 8.93 5042023
20110630 8.95 9.00 8.92 8.95 4565642
20110701 8.95 9.08 8.94 9.06 6440912
20110705 9.06 9.15 9.02 9.13 12826818
20110706 9.13 9.15 9.04 9.07 6606220
20110707 9.15 9.15 9.04 9.10 5585714
20110708 9.02 9.08 9.00 9.07 4231698
20110711 9.00 9.00 8.90 8.93 4825328
20110712 8.92 8.97 8.88 8.90 5850032
20110713 8.93 8.96 8.83 8.85 4975292
20110714 8.86 8.93 8.74 8.75 7136014
20110715 8.84 8.84 8.68 8.70 7306822
20110718 8.68 8.70 8.57 8.63 6091479
20110719 8.68 8.72 8.65 8.69 5162023
20110720 8.74 8.75 8.64 8.67 5284049
20110721 8.69 8.81 8.68 8.77 5144218
20110722 8.76 8.80 8.70 8.77 5171432
20110725 8.70 8.71 8.63 8.65 5400720
20110726 8.66 8.70 8.62 8.65 4243133
20110727 8.64 8.67 8.54 8.56 6081491
20110728 8.55 8.59 8.46 8.47 5919079
20110729 8.43 8.48 8.17 8.44 8247280
20110801 8.55 8.63 8.30 8.39 24947242
20110802 8.37 8.38 8.25 8.25 16935620
20110803 8.28 8.31 7.99 8.25 19033374
20110804 8.21 8.25 7.90 7.92 18947248
20110805 7.89 8.12 7.60 8.01 21331468
20110808 7.71 7.84 7.43 7.47 29718868
20110809 7.61 7.96 7.55 7.95 30651654
20110810 7.90 8.07 7.78 7.85 25308256
20110811 7.87 8.26 7.84 8.16 13485442
20110812 8.36 8.36 8.15 8.20 11290413
20110815 8.29 8.37 8.24 8.36 10189136
20110816 8.32 8.32 8.19 8.28 8128727
20110817 8.29 8.42 8.29 8.37 7373987
20110818 8.23 8.23 8.06 8.11 11732488
20110819 8.01 8.20 7.98 8.03 8945566
20110822 8.15 8.22 8.01 8.06 9175433
20110823 8.10 8.23 8.08 8.23 10029908
20110824 8.26 8.39 8.22 8.37 11167229
20110825 8.43 8.44 8.23 8.28 8552997
20110826 8.23 8.35 8.12 8.33 7011816
20110829 8.41 8.52 8.39 8.52 7937799
20110830 8.49 8.66 8.47 8.64 8988847
20110831 8.73 8.81 8.68 8.77 11985371
20110901 8.76 8.81 8.68 8.73 10565058
20110902 8.57 8.75 8.57 8.65 10598641
20110906 8.46 8.59 8.41 8.58 12217988
20110907 8.66 8.73 8.61 8.72 8959173
20110908 8.67 8.81 8.65 8.77 15854897
20110909 8.71 8.79 8.64 8.67 16320277
20110912 8.57 8.66 8.50 8.64 10173068
20110913 8.66 8.76 8.60 8.75 11809786
20110914 8.79 8.86 8.67 8.79 8813262
20110915 8.86 8.87 8.78 8.86 8397098
20110916 8.90 8.98 8.86 8.91 8479897
20110919 8.84 8.92 8.77 8.89 6314688
20110920 8.94 9.04 8.87 8.88 9166459
20110921 8.90 8.93 8.61 8.65 11293598
20110922 8.47 8.61 8.32 8.45 20644038
20110923 8.46 8.51 8.39 8.50 15168336
20110926 8.58 8.70 8.50 8.61 14772003
20110927 8.77 8.77 8.51 8.55 12324960
20110928 8.57 8.60 8.35 8.36 13162408
20110929 8.43 8.51 8.20 8.36 11260365
20110930 8.32 8.43 8.21 8.21 8918373
20111003 8.18 8.28 7.93 7.97 19069792
20111004 7.90 7.90 7.67 7.83 24641470
20111005 7.83 7.94 7.80 7.93 8739388
20111006 7.94 7.99 7.87 7.99 9343855
20111007 8.05 8.07 7.88 7.93 8080601
20111010 8.00 8.07 7.97 8.05 6231742
20111011 8.05 8.12 8.01 8.09 7127239
20111012 8.11 8.32 8.11 8.24 7443797
20111013 8.21 8.22 8.11 8.18 6351728
20111014 8.24 8.36 8.23 8.36 8164421
20111017 8.38 8.46 8.31 8.40 9998245
20111018 8.44 8.52 8.36 8.47 9816848
20111019 8.50 8.54 8.43 8.44 7671430
20111020 8.45 8.48 8.35 8.45 6792385
20111021 8.52 8.53 8.36 8.48 8464952
20111024 8.49 8.55 8.43 8.47 9686226
20111025 8.49 8.49 8.33 8.34 7390186
20111026 8.40 8.43 8.32 8.39 8369928
20111027 8.52 8.67 8.49 8.63 11684144
20111028 8.62 8.71 8.59 8.65 6092610
20111031 8.64 8.71 8.58 8.58 5633799
20111101 8.46 8.50 8.40 8.43 8500409
20111102 8.53 8.65 8.51 8.64 8445096
20111103 8.72 8.88 8.64 8.83 14049537
20111104 8.50 8.50 8.17 8.36 20199446
20111107 8.48 8.48 8.36 8.46 11702440
20111108 8.52 8.53 8.39 8.47 9167422
20111109 8.39 8.41 8.30 8.31 11005927
20111110 8.51 8.51 8.33 8.34 11539197
20111111 8.43 8.47 8.39 8.45 5553951
20111114 8.44 8.46 8.28 8.31 8457293
20111115 8.30 8.36 8.26 8.32 5942131
20111116 8.29 8.43 8.26 8.28 9177208
20111117 8.25 8.28 8.18 8.24 12921870
20111118 8.28 8.31 8.19 8.21 8965744
20111121 8.18 8.18 8.04 8.07 7809002
20111122 8.05 8.05 7.86 7.93 10578176
20111123 7.89 7.89 7.76 7.81 9492348
20111125 7.82 7.93 7.76 7.85 3237630
20111128 8.04 8.07 7.92 7.97 8578130
20111129 8.01 8.16 7.97 8.11 12977608
20111130 8.28 8.33 8.23 8.29 25105812
20111201 8.28 8.30 8.21 8.24 14511184
20111202 8.38 8.42 8.24 8.29 15784083
20111205 8.43 8.50 8.36 8.40 10155673
20111206 8.40 8.42 8.31 8.31 9930735
20111207 8.31 8.42 8.21 8.38 10059231
20111208 8.36 8.38 8.18 8.19 26056480
20111209 8.26 8.31 8.19 8.26 28083190
20111212 8.22 8.24 8.05 8.20 29325312
20111213 8.21 8.30 8.08 8.13 8124567
20111214 8.12 8.16 7.95 7.97 11893339
20111215 8.02 8.07 7.93 8.02 8550758
20111216 8.05 8.17 7.99 8.16 22349828
20111219 8.19 8.24 8.07 8.12 8810868
20111220 8.26 8.36 8.19 8.26 11407723
20111221 8.27 8.37 8.25 8.36 5613376
20111222 8.42 8.48 8.36 8.45 7015763
20111223 8.48 8.52 8.43 8.47 6691120
20111227 8.49 8.60 8.48 8.58 6912938
20111228 8.52 8.60 8.42 8.44 9426265
20111229 8.47 8.54 8.44 8.53 5766168
20111230 8.54 8.56 8.44 8.45 7363119
20120103 8.60 8.62 8.48 8.49 8579447
20120104 8.47 8.49 8.37 8.39 9643248
20120105 8.38 8.39 8.26 8.36 14032364
20120106 8.39 8.49 8.33 8.42 8212854
20120109 8.44 8.47 8.36 8.36 11849058
20120110 8.42 8.50 8.38 8.47 11052249
20120111 8.42 8.58 8.42 8.58 8924092
20120112 8.60 8.62 8.53 8.62 5677263
20120113 8.58 8.71 8.57 8.70 14154469
20120117 8.78 8.89 8.75 8.76 11250340
20120118 8.83 8.92 8.78 8.89 9685478
20120119 8.88 8.91 8.80 8.81 7274492
20120120 8.80 8.89 8.80 8.88 5807564
20120123 8.83 8.90 8.77 8.80 7044451
20120124 8.75 8.78 8.64 8.72 9170941
20120125 8.72 8.80 8.62 8.80 9790496
20120126 8.79 8.83 8.67 8.70 5982456
20120127 8.67 8.76 8.64 8.64 6729951
20120130 8.62 8.65 8.56 8.65 5529875
20120131 8.71 8.71 8.62 8.69 8045880
20120201 8.70 8.85 8.68 8.80 7765274
20120202 8.83 8.88 8.80 8.85 7954752
20120203 8.90 8.92 8.82 8.85 6456430
20120206 8.85 8.90 8.79 8.84 4934353
20120207 8.84 8.97 8.83 8.96 8049769
20120208 8.90 8.98 8.90 8.93 5405687
20120209 8.94 8.98 8.88 8.98 4397312
20120210 8.89 8.97 8.86 8.90 4648607
20120213 8.95 8.97 8.89 8.93 5242046
20120214 8.93 8.97 8.85 8.97 9700758
20120215 8.98 8.99 8.90 8.93 6783432
20120216 8.93 9.00 8.91 8.98 5959535
20120217 9.00 9.03 8.98 8.98 7482863
20120221 9.03 9.03 8.91 8.98 19410684
20120222 8.98 8.98 8.67 8.72 14706790
20120223 8.75 8.75 8.64 8.69 12559601
20120224 8.72 8.76 8.70 8.75 6297512
20120227 8.75 8.76 8.69 8.73 11156990
20120228 8.73 8.79 8.71 8.75 5882577
20120229 8.75 8.78 8.67 8.70 10881663
20120301 8.70 8.74 8.65 8.70 11024605
20120302 8.68 8.75 8.67 8.70 6006766
20120305 8.70 8.75 8.65 8.70 5837569
20120306 8.67 8.68 8.64 8.66 7791251
20120307 8.67 8.71 8.64 8.69 5505843
20120308 8.72 8.75 8.63 8.64 6705085
20120309 8.64 8.76 8.64 8.76 4995336
20120312 8.78 8.85 8.74 8.74 6045662
20120313 8.80 8.81 8.65 8.72 9527255
20120314 8.72 8.74 8.64 8.67 7142107
20120315 8.67 8.74 8.64 8.74 6445733
20120316 8.75 8.78 8.70 8.70 8820740
20120319 8.70 8.79 8.68 8.71 5436248
20120320 8.71 8.72 8.65 8.66 8304815
20120321 8.68 8.70 8.65 8.66 7344366
20120322 8.65 8.70 8.61 8.62 20002178
20120323 8.62 8.62 8.55 8.57 21348946
20120326 8.60 8.65 8.53 8.59 21793470
20120327 8.63 8.72 8.60 8.68 11390782
20120328 8.69 8.70 8.47 8.51 12810053
20120329 8.50 8.59 8.39 8.56 11188663
20120330 8.59 8.62 8.48 8.61 13091643
20120402 8.61 8.64 8.53 8.61 8805891
20120403 8.62 8.64 8.49 8.51 5961692
20120404 8.48 8.51 8.45 8.49 6678591
20120405 8.47 8.48 8.40 8.45 5508426
20120409 8.38 8.42 8.34 8.37 4664743
20120410 8.35 8.38 8.20 8.24 17957172
20120411 8.31 8.37 8.26 8.34 7711497
20120412 8.30 8.40 8.30 8.37 6276338
20120413 8.34 8.37 8.22 8.23 12367398
20120416 8.31 8.34 8.23 8.26 8339295
20120417 8.31 8.39 8.28 8.37 5171606
20120418 8.34 8.35 8.29 8.34 4018990
20120419 8.31 8.37 8.25 8.29 4854103
20120420 8.31 8.36 8.28 8.29 5108214
20120423 8.27 8.28 8.20 8.23 5935029
20120424 8.23 8.26 8.17 8.21 6404074
20120425 8.23 8.27 8.18 8.26 7119205
20120426 8.25 8.32 8.24 8.31 5722272
20120427 8.31 8.33 8.23 8.28 5846335
20120430 8.28 8.29 8.24 8.26 7297818
20120501 8.26 8.37 8.23 8.32 7720476
20120502 8.26 8.31 8.23 8.27 6353470
20120503 8.26 8.37 8.26 8.35 5596440
20120504 8.30 8.37 8.29 8.33 4874644
20120507 8.33 8.41 8.31 8.38 5485028
20120508 8.34 8.39 8.23 8.31 6512630
20120509 8.23 8.31 8.17 8.28 8469207
20120510 8.12 8.12 6.92 7.42 54957748
20120511 7.38 7.41 7.26 7.31 21248244
20120514 7.28 7.30 7.06 7.12 27008196
20120515 7.13 7.17 6.90 6.92 21641926
20120516 7.04 7.16 6.85 7.01 20743422
20120517 7.06 7.06 6.85 6.90 13914241
20120518 6.97 7.03 6.86 6.90 13062940
20120521 6.91 7.04 6.91 7.02 10282268
20120522 7.03 7.10 6.98 7.01 12857393
20120523 7.01 7.04 6.84 6.97 12588861
20120524 6.99 7.01 6.90 6.94 7243949
20120525 6.94 7.00 6.92 6.98 4823087
20120529 7.02 7.02 6.87 6.91 9574347
20120530 6.88 6.90 6.81 6.85 10608478
20120531 6.84 6.89 6.74 6.88 11029911
20120601 6.77 6.91 6.73 6.76 12531455
20120604 6.82 6.87 6.62 6.70 14005520
20120605 6.68 6.76 6.66 6.69 10880546
20120606 6.76 6.83 6.72 6.78 10282404
20120607 6.86 6.89 6.79 6.84 7545672
20120608 6.83 6.90 6.78 6.88 7858142
20120611 6.97 7.01 6.90 6.96 12252313
20120612 6.96 7.00 6.91 6.98 9706844
20120613 6.95 7.04 6.92 6.97 9558295
20120614 6.96 7.00 6.91 6.96 11517185
20120615 6.98 6.98 6.92 6.96 16024673
20120618 6.98 7.20 6.96 7.17 12034795
20120619 7.20 7.40 7.18 7.33 12828689
20120620 7.34 7.35 7.20 7.26 10594058
20120621 7.29 7.31 7.09 7.12 22977372
20120622 7.13 7.20 7.04 7.12 15256625
20120625 7.08 7.12 7.04 7.06 12220889
20120626 7.12 7.20 7.07 7.18 11290009
20120627 7.25 7.25 7.02 7.04 12527463
20120628 6.99 7.09 6.83 7.02 16576696
20120629 7.11 7.31 7.09 7.29 14966839
20120702 7.28 7.42 7.24 7.41 11573213
20120703 7.38 7.47 7.36 7.38 4875702
20120705 7.37 7.46 7.26 7.42 12568820
20120706 7.36 7.39 7.24 7.36 9793025
20120709 7.33 7.45 7.33 7.40 9424527
20120710 7.43 7.45 7.36 7.38 7605368
20120711 7.40 7.44 7.35 7.39 7670585
20120712 7.32 7.36 7.25 7.34 7479841
20120713 7.33 7.42 7.33 7.37 7660378
20120716 7.44 7.45 7.37 7.43 7528620
20120717 7.47 7.63 7.37 7.55 11915200
20120718 7.52 7.54 7.33 7.51 10321514
20120719 7.53 7.54 7.45 7.50 7541345
20120720 7.48 7.48 7.39 7.43 6998143
20120723 7.35 7.43 7.32 7.38 7086158
20120724 7.40 7.45 7.17 7.20 8827906
20120725 7.24 7.27 7.01 7.02 12015941
20120726 7.14 7.23 7.08 7.19 9332933
20120727 7.28 7.36 7.22 7.34 8274364
20120730 7.34 7.40 7.29 7.39 7140770
20120731 7.39 7.54 7.37 7.51 11327592
20120801 7.54 7.66 7.54 7.63 11967426
20120802 7.59 7.66 7.43 7.52 9728472
20120803 7.57 7.63 7.54 7.57 5493532
20120806 7.60 7.63 7.56 7.58 6862143
20120807 7.61 7.78 7.60 7.74 12072939
20120808 7.58 7.70 7.28 7.58 21790010
20120809 7.31 7.32 6.87 7.02 47527188
20120810 7.05 7.12 6.95 7.10 15959529
20120813 7.11 7.14 7.05 7.11 9804557
20120814 7.14 7.20 7.10 7.17 8190458
20120815 7.18 7.26 7.14 7.23 8037492
20120816 7.25 7.26 7.05 7.25 14814270
20120817 7.25 7.25 7.17 7.20 6949628
20120820 7.17 7.23 7.06 7.10 10788631
20120821 7.19 7.30 7.14 7.21 13773993
20120822 7.21 7.28 7.19 7.23 9140201
20120823 7.21 7.27 7.13 7.20 9006587
20120824 7.21 7.35 7.18 7.34 8811336
20120827 7.35 7.36 7.26 7.28 6397412
20120828 7.28 7.37 7.25 7.34 7514702
20120829 7.36 7.54 7.32 7.51 19408032
20120830 7.54 7.54 7.39 7.43 10751119
20120831 7.47 7.47 7.36 7.45 8684351
20120904 7.42 7.53 7.42 7.53 10394286
20120905 7.53 7.56 7.51 7.52 9509759
20120906 7.54 7.67 7.51 7.65 12321343
20120907 7.63 7.77 7.57 7.70 9173869
20120910 7.72 7.85 7.70 7.73 9493587
20120911 7.76 7.96 7.73 7.94 10049913
20120912 7.93 8.09 7.93 8.08 10508414
20120913 8.06 8.15 8.04 8.07 15766134
20120914 8.07 8.27 8.06 8.13 15905845
20120917 8.15 8.21 8.08 8.18 7951730
20120918 8.16 8.18 8.02 8.09 9785469
20120919 8.09 8.24 8.06 8.19 7092388
20120920 8.16 8.28 8.15 8.22 6158418
20120921 8.25 8.33 8.22 8.25 10463611
20120924 8.25 8.31 8.20 8.27 9431155
20120925 8.27 8.31 8.15 8.16 10195854
20120926 8.12 8.15 7.62 8.05 17765700
20120927 8.03 8.04 7.88 7.95 8029314
20120928 7.92 7.95 7.72 7.79 13117381
20121001 7.78 7.85 7.68 7.70 12473555
20121002 7.70 7.77 7.59 7.62 9767334
20121003 7.60 7.78 7.46 7.75 14624520
20121004 7.79 7.79 7.66 7.76 7831064
20121005 7.79 7.93 7.77 7.85 9561574
20121008 7.85 7.88 7.78 7.82 7109802
20121009 7.82 7.83 7.66 7.68 6990671
20121010 7.73 7.85 7.69 7.79 8903374
20121011 7.87 7.87 7.67 7.76 7072638
20121012 7.79 7.82 7.67 7.70 6323666
20121015 7.71 7.78 7.65 7.70 6898733
20121016 7.70 7.77 7.67 7.71 6105733
20121017 7.74 7.88 7.70 7.85 9286407
20121018 7.87 7.92 7.77 7.81 5560320
20121019 7.78 7.80 7.65 7.65 6962054
20121022 7.65 7.72 7.51 7.55 7743140
20121023 7.51 7.54 7.39 7.46 13828413
20121024 7.45 7.52 7.43 7.45 6519326
20121025 7.48 7.51 7.38 7.44 4810829
20121026 7.43 7.48 7.38 7.46 4357224
20121031 7.48 7.51 7.35 7.35 6081001
20121101 7.35 7.43 7.35 7.41 4462888
20121102 7.43 7.49 7.34 7.36 5264822
20121105 7.34 7.36 7.24 7.34 6276402
20121106 7.36 7.38 7.24 7.29 6852116
20121107 7.25 7.41 7.15 7.27 14207950
20121108 6.95 6.97 6.55 6.57 45505788
20121109 6.54 6.67 6.39 6.56 18697902
20121112 6.59 6.68 6.49 6.52 8197133
20121113 6.52 6.56 6.36 6.36 9735220
20121114 6.34 6.44 6.26 6.32 9967008
20121115 6.34 6.41 6.23 6.35 11906128
20121116 6.24 6.39 6.07 6.39 31746004
20121119 6.42 6.54 6.41 6.46 10179114
20121120 6.44 6.47 6.36 6.40 6022730
20121121 6.39 6.43 6.34 6.37 4689885
20121123 6.38 6.43 6.38 6.43 1759646
20121126 6.42 6.44 6.38 6.39 6181874
20121127 6.39 6.45 6.37 6.42 6622012
20121128 6.24 6.54 6.23 6.53 13715627
20121129 6.55 6.56 6.45 6.53 8271461
20121130 6.52 6.56 6.44 6.47 15469057
20121203 6.47 6.52 6.38 6.47 7781728
20121204 6.46 6.60 6.42 6.56 9293788
20121205 6.56 6.63 6.53 6.60 8448862
20121206 6.55 6.60 6.47 6.54 7700149
20121207 6.56 6.56 6.43 6.46 7064092
20121210 6.45 6.53 6.44 6.47 9082718
20121211 6.49 6.56 6.46 6.50 7436895
20121212 6.51 6.71 6.51 6.59 8942221
20121213 6.60 6.71 6.60 6.69 6493816
20121214 6.70 6.83 6.68 6.77 17433944
20121217 6.79 6.81 6.66 6.81 15149734
20121218 6.79 6.93 6.76 6.91 14164570
20121219 6.92 6.95 6.82 6.87 11964269
20121220 6.87 6.93 6.79 6.88 9217000
20121221 6.86 6.87 6.69 6.74 19161606
20121224 6.69 6.73 6.63 6.70 2928167
20121226 6.70 6.78 6.66 6.68 7232300
20121227 6.66 6.72 6.53 6.69 12674889
20121228 6.61 6.68 6.58 6.60 10317744
20121231 6.57 6.61 6.51 6.58 12416729
20130102 6.77 7.00 6.75 7.00 14914586
20130103 6.96 7.08 6.89 7.06 12180826
20130104 7.08 7.48 7.05 7.41 20999780
20130107 7.37 7.75 7.32 7.69 22582444
20130108 7.69 7.73 7.54 7.64 10718880
20130109 7.67 7.81 7.61 7.79 10882730
20130110 7.79 7.90 7.76 7.89 13580023
20130111 7.87 7.92 7.82 7.92 6828616
20130114 7.90 7.95 7.88 7.95 6875395
20130115 7.95 7.95 7.65 7.73 13109223
20130116 7.67 7.71 7.52 7.64 13180899
20130117 7.66 7.69 7.61 7.62 6866341
20130118 7.62 7.67 7.55 7.66 11827726
20130122 7.59 7.79 7.58 7.78 9081768
20130123 7.75 7.86 7.68 7.71 10424001
20130124 7.69 7.79 7.68 7.70 7921995
20130125 7.74 7.76 7.62 7.67 7020508
20130128 7.70 7.77 7.67 7.72 6865461
20130129 7.83 7.83 7.71 7.73 6652318
20130130 7.73 7.80 7.72 7.74 5688208
20130131 7.75 7.79 7.67 7.75 6925694
20130201 7.79 7.83 7.75 7.79 6319714
20130204 7.77 7.79 7.67 7.76 8334196
20130205 7.79 7.83 7.70 7.80 6058913
20130206 7.79 7.86 7.74 7.85 6750275
20130207 7.85 7.87 7.78 7.85 5010301
20130208 7.85 7.87 7.77 7.78 4677069
20130211 7.83 7.87 7.77 7.86 4836518
20130212 7.82 7.87 7.79 7.85 6044704
20130213 7.87 7.87 7.79 7.80 4301586
20130214 7.16 7.29 6.74 7.23 35472112
20130215 7.24 7.24 7.09 7.10 25906340
20130219 7.13 7.28 6.86 7.11 24889038
20130220 7.00 7.01 6.78 6.80 19804798
20130221 6.78 6.78 6.64 6.67 12917960
20130222 6.71 6.80 6.64 6.74 9120121
20130225 6.80 6.90 6.67 6.67 7987887
20130226 6.70 6.78 6.68 6.72 6737072
20130227 6.74 6.86 6.70 6.82 7498350
20130228 6.83 6.92 6.75 6.83 15481080
20130301 6.85 6.94 6.77 6.94 7729600
20130304 6.94 6.97 6.89 6.93 7425668
20130305 6.92 7.03 6.88 6.90 6616857
20130306 6.92 6.93 6.85 6.87 4946798
20130307 6.86 6.87 6.64 6.78 18251810
20130308 6.82 6.90 6.74 6.81 10330445
20130311 6.83 6.97 6.81 6.93 6941790
20130312 6.93 7.03 6.88 7.01 6354295
20130313 7.03 7.06 6.93 7.04 8229826
20130314 7.05 7.13 7.03 7.07 6477277
20130315 7.06 7.08 6.98 7.01 10146979
20130318 6.97 7.04 6.96 6.97 4412244
20130319 7.00 7.01 6.87 6.92 6715192
20130320 6.99 6.99 6.81 6.83 13359587
20130321 6.79 6.84 6.71 6.73 17416970
20130322 6.78 6.86 6.74 6.84 10817467
20130325 6.89 6.90 6.70 6.70 16943654
20130326 6.72 6.75 6.62 6.67 18029492
20130327 6.70 6.74 6.52 6.55 18548194
20130328 6.62 6.62 6.45 6.50 24633880
20130401 6.52 6.62 6.48 6.54 10035189
20130402 6.60 6.74 6.59 6.74 9249266
20130403 6.73 6.80 6.69 6.73 13732113
20130404 6.73 6.80 6.72 6.74 6428925
20130405 6.68 6.84 6.67 6.83 7931586
20130408 6.87 6.88 6.76 6.88 7732085
20130409 6.88 7.01 6.85 7.00 7043411
20130410 7.00 7.16 7.00 7.15 9786271
20130411 7.14 7.22 7.11 7.20 8734957
20130412 7.19 7.27 7.08 7.27 8787181
20130415 7.25 7.28 7.02 7.02 10589764
20130416 7.06 7.17 7.01 7.08 7574193
20130417 7.03 7.04 6.89 7.02 9580059
20130418 7.05 7.11 6.99 7.03 7048902
20130419 7.07 7.08 6.99 7.08 4058710
20130422 7.06 7.07 6.93 6.99 5022414
20130423 7.02 7.16 7.01 7.15 5909003
20130424 7.13 7.15 6.91 7.14 9253781
20130425 7.15 7.24 7.13 7.16 6647582
20130426 7.06 7.11 6.92 6.93 10769254
20130429 6.93 6.97 6.90 6.96 5414217
20130430 6.97 7.00 6.91 6.98 9228889
20130501 6.99 7.08 6.94 6.96 7788336
20130502 6.96 7.02 6.85 6.87 6930544
20130503 6.89 6.93 6.82 6.85 8473349
20130506 6.82 6.92 6.80 6.85 8534358
20130507 6.88 6.94 6.84 6.86 10444684
20130508 6.88 7.12 6.88 6.98 17822548
20130509 6.60 6.75 6.47 6.72 38352572
20130510 6.68 6.87 6.68 6.85 7904864
20130513 6.86 6.93 6.82 6.86 5982458
20130514 6.88 6.93 6.84 6.90 6212097
20130515 6.88 7.08 6.85 7.03 7907304
20130516 7.03 7.15 7.02 7.06 7111254
20130517 7.06 7.17 7.06 7.12 4671977
20130520 7.12 7.17 7.10 7.15 4896979
20130521 7.13 7.22 7.11 7.20 6355225
20130522 7.20 7.25 6.95 6.97 7356145
20130523 6.95 7.13 6.94 7.12 6065187
20130524 7.06 7.15 7.01 7.11 3737801
20130528 7.17 7.18 6.93 6.94 5190922
20130529 6.97 6.97 6.70 6.76 8841357
20130530 6.80 6.83 6.69 6.77 6858309
20130531 6.73 6.83 6.58 6.58 9390198
20130603 6.65 6.69 6.57 6.59 9426559
20130604 6.59 6.61 6.47 6.54 17049560
20130605 6.53 6.61 6.46 6.49 15645123
20130606 6.47 6.58 6.43 6.47 14980365
20130607 6.54 6.57 6.43 6.47 7656433
20130610 6.52 6.56 6.46 6.56 8658817
20130611 6.54 6.64 6.49 6.53 7047560
20130612 6.60 6.65 6.56 6.63 7661436
20130613 6.60 6.74 6.60 6.72 8035302
20130614 6.68 6.82 6.66 6.81 5641904
20130617 6.84 6.88 6.61 6.66 8149999
20130618 6.70 6.79 6.62 6.63 6520073
20130619 6.66 6.68 6.53 6.54 8777176
20130620 6.51 6.52 6.38 6.39 12184183
20130621 6.45 6.56 6.42 6.51 12147944
20130624 6.51 6.52 6.35 6.43 9830197
20130625 6.43 6.52 6.36 6.45 11328222
20130626 6.55 6.55 6.35 6.48 11633156
20130627 6.52 6.64 6.51 6.62 7877873
20130628 6.62 6.64 6.49 6.53 13176454
20130701 6.48 6.69 6.48 6.54 7749215
20130702 6.54 6.56 6.35 6.51 12625318
20130703 6.52 6.67 6.48 6.65 4695227
20130705 6.63 6.69 6.46 6.69 7028545
20130708 6.69 6.71 6.59 6.69 7628355
20130709 6.71 6.76 6.64 6.75 6706961
20130710 6.76 6.96 6.75 6.90 11368871
20130711 6.94 6.97 6.79 6.88 5959235
20130712 6.88 6.92 6.79 6.90 5615795
20130715 6.92 6.94 6.77 6.79 7171852
20130716 6.77 6.85 6.75 6.83 7198907
20130717 6.83 6.92 6.83 6.90 6674826
20130718 6.89 6.92 6.81 6.86 4965774
20130719 6.86 6.91 6.81 6.86 5507694
20130722 6.89 7.07 6.85 7.07 12436762
20130723 7.07 7.08 6.78 6.92 24741796
20130724 6.94 6.97 6.81 6.90 10759963
20130725 6.89 6.92 6.84 6.86 5525061
20130726 6.85 6.94 6.83 6.92 4507262
20130729 6.92 7.07 6.87 7.01 12312122
20130730 7.00 7.14 6.98 7.09 12400965
20130731 7.14 7.16 7.05 7.08 8263018
20130801 7.14 7.26 7.11 7.20 9006844
20130802 7.19 7.28 7.17 7.27 6170829
20130805 7.23 7.38 7.23 7.31 9111400
20130806 7.30 7.32 7.17 7.25 8426291
20130807 7.20 7.28 7.06 7.28 15538126
20130808 6.98 7.14 6.90 6.97 16108755
20130809 6.94 7.00 6.90 6.94 8071863
20130812 6.90 7.14 6.90 7.06 11466338
20130813 7.04 7.11 6.95 6.97 4736341
20130814 6.98 7.01 6.91 6.97 4815142
20130815 6.93 6.97 6.90 6.92 5128220
20130816 6.92 6.92 6.86 6.88 4814787
20130819 6.86 6.88 6.75 6.76 7209185
20130820 6.80 6.86 6.77 6.84 4270622
20130821 6.79 6.84 6.77 6.77 4438267
20130822 6.82 6.85 6.77 6.82 4190639
20130823 6.81 6.98 6.80 6.96 6426372
20130826 6.94 6.99 6.88 6.94 4442874
20130827 6.89 6.94 6.83 6.86 5047056
20130828 6.86 6.87 6.80 6.81 4692155
20130829 6.80 6.87 6.77 6.78 6948326
20130830 6.81 6.89 6.80 6.83 6260381
20130903 6.90 6.96 6.86 6.92 5041385
20130904 6.93 7.00 6.87 6.98 7327682
20130905 6.97 7.03 6.91 6.97 4565506
20130906 6.97 7.04 6.92 6.99 4237778
20130909 7.02 7.14 7.00 7.13 4471465
20130910 7.14 7.23 7.10 7.19 5636470
20130911 7.17 7.19 7.13 7.19 3249751
20130912 7.22 7.23 7.10 7.19 4915917
20130913 7.15 7.22 7.12 7.17 4849403
20130916 7.24 7.25 7.14 7.19 5323628
20130917 7.20 7.27 7.17 7.23 5476977
20130918 7.24 7.28 7.19 7.25 5188945
20130919 7.25 7.28 7.20 7.24 4578738
20130920 7.24 7.27 7.15 7.18 7350956
20130923 7.11 7.24 7.10 7.24 4206471
20130924 7.25 7.30 7.24 7.29 5833532
20130925 7.28 7.41 7.24 7.25 11187758
20130926 7.29 7.32 7.14 7.14 6742414
20130927 7.11 7.14 7.04 7.08 5253020
20130930 7.03 7.05 6.96 6.97 7356706
20131001 6.97 7.15 6.97 7.14 8374026
20131002 7.11 7.16 7.07 7.12 5045772
20131003 7.11 7.13 7.01 7.02 5665683
20131004 7.01 7.03 6.98 6.99 5265178
20131007 6.98 7.11 6.98 7.07 4971566
20131008 7.01 7.11 7.01 7.07 6627493
20131009 7.07 7.21 7.05 7.16 7509705
20131010 7.22 7.32 7.22 7.32 7848048
20131011 7.28 7.41 7.27 7.41 11782680
20131014 7.36 7.50 7.33 7.43 8830616
20131015 7.50 7.50 7.32 7.33 10339278
20131016 7.37 7.46 7.33 7.45 6172279
20131017 7.43 7.50 7.41 7.50 4915366
20131018 7.50 7.51 7.47 7.50 3901143
20131021 7.49 7.51 7.42 7.43 4303483
20131022 7.44 7.50 7.40 7.47 6221138
20131023 7.47 7.50 7.44 7.46 3844829
20131024 7.44 7.48 7.38 7.45 4430218
20131025 7.42 7.51 7.41 7.46 5172736
20131028 7.47 7.50 7.41 7.49 3880957
20131029 7.52 7.54 7.44 7.51 4404986
20131030 7.51 7.52 7.39 7.43 4285477
20131031 7.44 7.50 7.34 7.45 5653067
20131101 7.46 7.48 7.38 7.45 4621181
20131104 7.45 7.52 7.39 7.45 6651234
20131105 7.45 7.46 7.38 7.42 5015722
20131106 7.42 7.55 7.41 7.54 10443763
20131107 7.35 7.63 7.10 7.11 24104872
20131108 7.05 7.06 6.82 6.99 22913334
20131111 6.98 7.11 6.98 7.03 11046356
20131112 7.02 7.16 7.01 7.13 8531384
20131113 7.14 7.24 7.10 7.22 5518074
20131114 7.22 7.26 7.18 7.20 5029715
20131115 7.22 7.28 7.13 7.19 8405566
20131118 7.20 7.24 7.19 7.23 3856757
20131119 7.22 7.26 7.20 7.26 3688044
20131120 7.27 7.29 7.15 7.17 5403382
20131121 7.16 7.24 7.15 7.17 6965835
20131122 7.15 7.17 7.11 7.11 5790010
20131125 7.10 7.11 7.02 7.03 8383660
20131126 7.03 7.11 7.00 7.03 11014127
20131127 7.03 7.09 7.03 7.05 3270335
20131129 7.04 7.11 7.03 7.04 2743324
20131202 7.04 7.09 7.03 7.04 4616020
20131203 7.02 7.08 6.97 7.08 8822932
20131204 7.04 7.21 7.03 7.19 8286401
20131205 7.17 7.18 6.98 7.01 10512463
20131206 7.08 7.08 7.00 7.02 7314499
20131209 7.02 7.05 6.98 7.02 6898166
20131210 6.99 7.04 6.98 6.98 8962741
20131211 6.98 7.01 6.89 6.91 9963775
20131212 6.89 6.99 6.88 6.98 6375972
20131213 6.98 7.01 6.93 6.94 4347066
20131216 6.93 7.00 6.91 6.95 4471737
20131217 6.96 7.04 6.96 7.04 5422765
20131218 7.04 7.15 6.98 7.14 8127438
20131219 7.11 7.15 7.04 7.11 6471626
20131220 7.13 7.18 7.11 7.18 8264725
20131223 7.19 7.28 7.16 7.27 8078350
20131224 7.24 7.32 7.24 7.30 3905272
20131226 7.30 7.36 7.25 7.34 8187881
20131227 7.32 7.35 7.21 7.31 10195105
20131230 7.23 7.31 7.19 7.21 8464927
20131231 7.19 7.28 7.15 7.17 8016108
20140102 7.19 7.26 7.17 7.20 7654648
20140103 7.21 7.23 7.16 7.18 6304181
20140106 7.18 7.22 7.13 7.15 5817078
20140107 7.15 7.23 7.15 7.20 6373513
20140108 7.22 7.22 7.16 7.20 5155589
20140109 7.18 7.20 7.13 7.14 5304046
20140110 7.17 7.24 7.15 7.23 6884431
20140113 7.19 7.23 7.11 7.11 10374166
20140114 7.12 7.19 7.11 7.14 11202029
20140115 7.22 7.22 7.04 7.06 11334572
20140116 7.02 7.16 7.02 7.13 5915678
20140117 7.14 7.16 7.09 7.10 5659830
20140121 7.10 7.12 6.96 6.97 8468155
20140122 7.00 7.03 6.85 6.88 9185733
20140123 6.85 6.87 6.79 6.86 7086639
20140124 6.83 6.87 6.79 6.79 6913143
20140127 6.83 6.83 6.73 6.78 7428513
20140128 6.75 6.80 6.74 6.76 6729854
20140129 6.74 6.76 6.57 6.70 15818099
20140130 6.71 6.81 6.66 6.79 7108897
20140131 6.73 6.76 6.67 6.72 8910520
20140203 6.70 6.72 6.45 6.47 12810347
20140204 6.51 6.56 6.47 6.52 6299841
20140205 6.52 6.60 6.51 6.58 5733391
20140206 6.51 6.69 6.51 6.69 9485428
20140207 6.69 6.74 6.57 6.61 7843724
20140210 6.58 6.64 6.58 6.62 4311589
20140211 6.60 6.74 6.58 6.69 6458536
20140212 6.71 7.13 6.69 7.10 19577370
20140213 7.09 7.15 6.98 7.11 8954924
20140214 7.10 7.15 7.06 7.12 5647811
20140218 7.14 7.14 7.08 7.10 7144286
20140219 7.08 7.14 6.93 7.10 6233736
20140220 7.07 7.23 7.06 7.14 10119207
20140221 7.12 7.14 7.04 7.06 8678264
20140224 7.05 7.16 7.05 7.14 6384864
20140225 7.14 7.19 7.07 7.18 8949248
20140226 7.17 7.21 7.07 7.13 13154780
20140227 7.05 7.20 6.87 7.19 13134860
20140228 7.18 7.26 7.13 7.21 18084234
20140303 7.19 7.22 7.13 7.13 11124017
20140304 7.18 7.32 7.16 7.31 14343770
20140305 7.31 7.33 7.26 7.30 6359602
20140306 7.28 7.37 7.26 7.35 8418743
20140307 7.35 7.37 7.28 7.33 8655896
20140310 7.31 7.34 7.19 7.22 7568289
20140311 7.22 7.32 7.21 7.32 5516492
20140312 7.31 7.32 7.22 7.23 7146623
20140313 7.24 7.33 7.23 7.33 8313132
20140314 7.34 7.42 7.31 7.42 8254929
20140317 7.41 7.49 7.39 7.43 8758947
20140318 7.41 7.55 7.39 7.52 7887571
20140319 7.50 7.58 7.36 7.41 9627876
20140320 7.41 7.53 7.41 7.51 9615412
20140321 7.52 7.55 7.47 7.55 17828942
20140324 7.55 7.55 7.47 7.49 10479109
20140325 7.51 7.55 7.48 7.52 10750204
20140326 7.54 7.59 7.52 7.54 9748511
20140327 7.52 7.56 7.45 7.45 9351140
20140328 7.48 7.63 7.46 7.61 8706230
20140331 7.61 7.68 7.59 7.63 10403100
20140401 7.65 8.29 7.63 7.87 40614964
20140402 7.87 8.12 7.83 8.07 26164252
20140403 8.12 8.12 7.90 7.97 12950132
20140404 7.97 7.99 7.84 7.99 10119568
20140407 7.96 8.01 7.84 7.91 6365638
20140408 7.86 8.01 7.83 7.95 6526190
20140409 7.97 7.99 7.87 7.91 6470154
20140410 7.95 8.16 7.94 8.08 18114378
20140411 8.09 8.09 7.84 7.88 9476710
20140414 7.92 8.06 7.88 8.02 11607622
20140415 8.08 8.15 8.02 8.14 15120022
20140416 8.14 8.32 8.14 8.28 12457569
20140417 8.31 8.37 8.15 8.17 11998153
20140421 8.19 8.28 8.17 8.24 5437196
20140422 8.22 8.29 8.13 8.26 5118358
20140423 8.27 8.36 8.22 8.34 10606517
20140424 8.36 8.50 8.31 8.33 8363638
20140425 8.33 8.34 8.13 8.20 7940825
20140428 8.24 8.32 8.18 8.27 11423208
20140429 8.33 8.38 8.27 8.37 6668820
20140430 8.38 8.45 8.30 8.40 6206273
20140501 8.43 8.50 8.38 8.48 7832746
20140502 8.48 8.51 8.43 8.47 6149156
20140505 8.49 8.55 8.40 8.43 9295211
20140506 8.43 8.46 8.36 8.37 4967523
20140507 8.36 8.45 8.34 8.43 12135276
20140508 8.09 8.52 7.89 8.36 22668480
20140509 8.34 8.51 8.31 8.51 10073788
20140512 8.45 8.54 8.36 8.38 10405475
20140513 8.40 8.52 8.39 8.52 4283096
20140514 8.52 8.67 8.52 8.66 9934938
20140515 8.64 8.86 8.59 8.85 14408278
20140516 8.84 8.85 8.59 8.68 11816114
20140519 8.64 8.79 8.60 8.78 5363452
20140520 8.75 8.76 8.58 8.60 7491882
20140521 8.62 8.63 8.44 8.47 7205003
20140522 8.56 8.72 8.52 8.71 7007632
20140523 8.68 8.75 8.66 8.69 8474848
20140527 8.74 8.79 8.68 8.70 10524459
20140528 8.71 9.01 8.70 8.97 9694379
20140529 8.97 9.01 8.80 8.92 14859381
20140530 8.87 8.93 8.82 8.86 8362343
20140602 8.90 8.90 8.83 8.86 6297184
20140603 8.87 8.89 8.82 8.88 5138657
20140604 8.89 8.93 8.81 8.91 4610140
20140605 8.96 8.97 8.84 8.95 5659077
20140606 8.95 9.01 8.94 8.97 7824324
20140609 9.00 9.02 8.94 8.98 5574319
20140610 9.03 9.03 8.94 8.96 4452502
20140611 8.97 8.97 8.90 8.92 5233024
20140612 8.91 8.96 8.89 8.96 4114121
20140613 8.94 9.10 8.94 9.08 4841413
20140616 9.10 9.20 9.10 9.20 5061134
20140617 9.22 9.35 9.21 9.24 7823136
20140618 9.27 9.30 9.20 9.30 4257507
20140619 9.30 9.35 9.26 9.35 3616700
20140620 9.37 9.45 9.35 9.40 11804129
20140623 9.42 9.47 9.38 9.44 6192992
20140624 9.45 9.46 9.32 9.36 9047202
20140625 9.38 9.38 9.24 9.33 8733546
20140626 9.31 9.35 9.20 9.33 6741320
20140627 9.24 9.36 9.17 9.36 10363518
20140630 9.36 9.48 9.36 9.46 7660399
20140701 9.42 9.49 9.40 9.45 8780056
20140702 9.46 9.48 9.34 9.39 12670535
20140703 9.38 9.51 9.36 9.47 5066677
20140707 9.49 9.56 9.47 9.53 4344701
20140708 9.50 9.55 9.46 9.52 6101365
20140709 9.55 9.55 9.44 9.53 7107625
20140710 9.48 9.57 9.48 9.55 6875881
20140711 9.51 9.58 9.50 9.57 3120069
20140714 9.58 9.62 9.54 9.59 5018980
20140715 9.64 9.67 9.56 9.63 7942683
20140716 9.67 9.72 9.63 9.67 6502732
20140717 9.62 9.67 9.55 9.58 6887884
20140718 9.61 9.72 9.58 9.66 3471423
20140721 9.66 9.73 9.63 9.73 6210867
20140722 9.73 9.86 9.71 9.86 5690522
20140723 9.86 9.92 9.78 9.80 4900423
20140724 9.88 9.92 9.80 9.92 5106266
20140725 9.90 10.04 9.90 9.93 4612981
20140728 9.93 10.01 9.88 10.00 6647190
20140729 12.53 12.63 10.96 11.24 121191288
20140730 11.12 11.18 10.65 10.76 29840230
20140731 10.65 10.94 10.57 10.88 15858094
20140801 10.80 10.92 10.76 10.87 9919719
20140804 10.81 10.95 10.76 10.91 13469162
20140805 10.85 11.07 10.83 11.00 10599895
20140806 11.02 11.03 10.76 10.97 11545297
20140807 10.72 10.83 10.12 10.60 12420786
20140808 10.58 10.67 10.49 10.64 8315305
20140811 10.68 10.72 10.56 10.72 6859561
20140812 10.70 10.80 10.68 10.74 6063355
20140813 10.80 10.87 10.68 10.75 4584026
20140814 10.72 10.85 10.63 10.83 6608127
20140815 10.83 10.94 10.79 10.79 5724952
20140818 10.87 11.00 10.75 10.79 4826510
20140819 10.84 10.91 10.69 10.75 4890947
20140820 10.77 10.85 10.67 10.68 5785494
20140821 10.67 10.74 10.57 10.65 5922161
20140822 10.66 10.68 10.55 10.68 3929225
20140825 10.71 10.81 10.68 10.76 3745915
20140826 10.75 10.84 10.65 10.67 4203085
20140827 10.68 10.73 10.64 10.68 4728800
20140828 10.67 10.78 10.63 10.76 4703530
20140829 10.77 10.78 10.68 10.74 7115943
20140902 10.75 10.75 10.45 10.49 10560411
20140903 10.52 10.68 10.50 10.59 7508149
20140904 10.62 10.65 10.57 10.58 5487628
20140905 10.59 10.76 10.55 10.72 5875412
20140908 10.72 10.76 10.64 10.75 4222564
20140909 10.73 10.75 10.65 10.72 5731375
20140910 10.76 10.77 10.55 10.58 5556172
20140911 10.58 10.74 10.56 10.74 4787973
20140912 10.74 10.77 10.49 10.51 5279995
20140915 10.56 10.63 10.49 10.60 5048778
20140916 10.59 10.78 10.58 10.73 5475519
20140917 10.73 10.79 10.68 10.71 4042202
20140918 10.80 10.80 10.66 10.67 4014405
20140919 10.70 10.75 10.63 10.71 8356158
20140922 10.71 10.79 10.66 10.71 4149177
20140923 10.73 10.77 10.65 10.67 3857838
20140924 10.68 10.69 10.58 10.68 3213883
20140925 10.68 10.69 10.50 10.50 5603658
20140926 10.57 10.58 10.25 10.55 7621953
20140929 10.41 10.53 10.24 10.34 8262262
20140930 10.33 10.49 10.28 10.48 6222167
20141001 10.44 10.48 10.35 10.39 5614378
20141002 10.36 10.46 10.23 10.41 8119010
20141003 10.42 10.66 10.39 10.63 5214777
20141006 10.62 10.63 10.29 10.31 5672111
20141007 10.31 10.44 10.25 10.29 6377664
20141008 10.31 10.49 10.15 10.49 6714696
20141009 10.50 10.50 10.03 10.04 7293155
20141010 10.07 10.13 9.80 9.83 7152373
20141013 9.85 9.92 9.67 9.67 9008464
20141014 9.67 9.79 9.38 9.77 9694671
20141015 9.76 9.82 9.34 9.70 8422287
20141016 9.57 9.81 9.45 9.75 6258906
20141017 9.92 9.98 9.70 9.79 6458757
20141020 9.49 9.82 9.49 9.82 4867352
20141021 9.82 10.00 9.78 9.92 5007516
20141022 9.96 10.12 9.94 9.96 5774095
20141023 9.98 10.05 9.86 9.91 5839855
20141024 9.91 9.95 9.83 9.92 6028283
20141027 9.91 10.01 9.84 9.84 5870213
20141028 9.88 10.07 9.83 10.07 7025279
20141029 10.07 10.21 10.02 10.14 4510973
20141030 10.14 10.20 10.02 10.19 3361464
20141031 10.27 10.30 10.06 10.18 7063150
20141103 10.19 10.33 10.13 10.27 5556645
20141104 10.23 10.28 10.10 10.11 4824129
20141105 10.13 10.19 10.01 10.19 6836439
20141106 9.91 9.95 9.25 9.40 18559576
20141107 9.32 9.38 9.02 9.28 12234807
20141110 9.32 9.35 9.10 9.22 8960199
20141111 9.21 9.29 9.19 9.24 8897218
20141112 9.19 9.43 9.18 9.42 5634754
20141113 9.42 9.54 9.42 9.46 4678923
20141114 9.45 9.51 9.44 9.45 6156613
20141117 9.43 9.50 9.29 9.49 4409195
20141118 9.50 9.52 9.46 9.48 5136565
20141119 9.50 9.56 9.44 9.55 6543761
20141120 9.49 9.60 9.47 9.57 3613080
20141121 9.64 9.74 9.49 9.67 7086408
20141124 9.67 9.69 9.52 9.65 4459621
20141125 9.66 9.76 9.53 9.74 5179890
20141126 9.74 9.90 9.74 9.79 5092211
20141128 9.86 9.86 9.77 9.82 2368070
20141201 9.77 9.82 9.71 9.76 4638067
20141202 9.76 9.82 9.72 9.74 3616991
20141203 9.72 9.75 9.53 9.55 5516922
20141204 9.52 9.53 9.28 9.44 6942848
20141205 9.38 9.49 9.34 9.43 6138089
20141208 9.42 9.46 9.23 9.25 5511879
20141209 9.19 9.25 8.93 9.18 7878920
20141210 9.16 9.16 8.89 8.94 7009740
20141211 9.04 9.17 8.90 9.11 7554135
20141212 8.76 8.81 8.20 8.23 21911778
20141215 8.29 8.32 8.09 8.26 8807583
20141216 8.30 8.61 8.21 8.43 8787516
20141217 8.49 8.74 8.42 8.65 8572022
20141218 8.31 8.57 8.23 8.50 14014024
20141219 8.50 8.64 8.37 8.39 17152482
20141222 8.41 8.59 8.41 8.58 8965036
20141223 8.62 8.74 8.49 8.50 7876245
20141224 8.56 8.61 8.43 8.49 3739454
20141226 8.56 8.64 8.50 8.59 6269197
20141229 8.58 8.60 8.42 8.47 6372900
20141230 8.42 8.46 8.26 8.27 7350300
20141231 8.27 8.35 8.22 8.24 7108300
