20061002 16.92 17.70 16.90 17.42 8067919
20061003 17.53 17.67 17.30 17.63 12950781
20061004 17.63 17.67 17.19 17.44 12164386
20061005 17.59 17.59 17.27 17.31 9963117
20061006 17.37 17.44 17.03 17.25 7126673
20061009 17.54 17.59 17.20 17.39 3990964
20061010 17.26 17.47 17.19 17.37 6956621
20061011 17.35 17.35 17.00 17.02 10782637
20061012 17.12 17.12 16.70 16.77 9442748
20061013 16.75 16.77 16.37 16.63 12092576
20061016 16.80 16.94 16.50 16.52 11306182
20061017 16.31 16.47 16.18 16.38 5561485
20061018 16.35 16.85 16.35 16.75 7487539
20061019 17.10 17.41 16.92 17.19 10163686
20061020 17.28 17.63 17.14 17.30 6480609
20061023 17.33 17.52 16.87 17.26 7692533
20061024 17.63 18.51 17.54 17.59 16748323
20061025 17.68 19.57 17.67 19.26 13419872
20061026 19.15 20.31 19.08 19.69 15304179
20061027 19.48 19.69 18.97 19.35 5178384
20061030 19.38 19.57 18.91 19.49 6574087
20061031 19.82 20.08 19.23 19.44 4725175
20061101 19.53 19.90 19.34 19.37 9662943
20061102 19.11 19.46 18.90 19.24 8348353
20061103 19.46 19.65 18.81 18.99 5469141
20061106 19.44 19.75 19.21 19.60 6196432
20061107 19.51 20.22 19.51 19.83 5737437
20061108 19.75 20.17 19.59 19.94 5286723
20061109 19.92 20.76 19.83 20.52 9791022
20061110 20.52 20.72 20.06 20.12 5015705
20061113 20.45 20.66 20.17 20.49 6102727
20061114 20.70 20.76 20.19 20.64 4944235
20061115 20.83 20.98 20.55 20.58 4707818
20061116 20.72 20.98 20.36 20.38 5251329
20061117 20.26 20.45 19.97 19.99 4631810
20061120 19.99 20.12 19.58 19.84 4361246
20061121 19.95 20.13 19.87 19.88 4629882
20061122 19.79 19.97 19.71 19.87 3123684
20061124 19.85 19.88 19.71 19.71 1005115
20061127 19.54 19.72 19.15 19.26 5532216
20061128 19.09 19.83 18.94 19.06 5533918
20061129 19.83 21.01 18.97 19.53 6485487
20061130 19.56 20.22 19.47 20.10 6809370
20061201 19.75 20.14 19.75 20.14 5126994
20061204 20.32 20.94 20.19 20.72 6065971
20061205 20.72 21.28 20.61 21.26 8450566
20061206 21.24 21.24 20.58 20.67 5894216
20061207 20.67 21.21 20.57 21.08 5848385
20061208 21.01 21.24 20.93 21.02 3991305
20061211 20.85 20.94 20.49 20.78 3910532
20061212 20.67 20.85 20.23 20.54 3791756
20061213 20.55 20.56 19.84 20.14 5085672
20061214 20.30 20.49 19.89 20.08 6034678
20061215 19.93 20.35 19.93 20.27 5806754
20061218 20.27 20.36 20.06 20.18 4894261
20061219 20.19 20.31 19.89 19.89 2590065
20061220 20.02 20.02 19.69 19.75 3150579
20061221 19.67 19.84 19.52 19.60 4443854
20061222 19.59 19.75 19.33 19.38 4245412
20061226 19.58 19.62 19.40 19.51 1797091
20061227 19.55 19.89 19.52 19.84 2732376
20061228 19.76 19.84 19.58 19.71 1948020
20061229 19.71 19.91 19.67 19.77 2446733
20070103 20.19 20.58 19.77 20.03 6701784
20070104 19.93 20.32 19.84 20.20 3213967
20070105 20.19 20.26 19.67 19.69 6292086
20070108 19.68 19.73 19.24 19.37 3208864
20070109 19.36 19.70 19.27 19.62 4083256
20070110 20.19 20.36 19.74 19.81 6514568
20070111 19.89 20.08 19.61 19.97 3771419
20070112 19.97 20.20 19.91 20.10 4753083
20070116 20.24 20.28 19.54 19.58 6930162
20070117 19.58 19.75 19.09 19.15 6701444
20070118 19.36 19.38 19.00 19.05 2955425
20070119 19.14 19.15 18.73 18.88 5621239
20070122 18.66 19.01 18.53 18.55 5744386
20070123 18.62 19.29 18.54 19.22 5857215
20070124 18.75 19.28 18.75 18.87 5310762
20070125 18.88 19.07 18.49 18.58 5917314
20070126 18.61 18.71 18.29 18.47 4385795
20070129 18.40 19.03 18.34 18.69 5003914
20070130 18.81 19.30 18.74 19.15 4402691
20070131 19.05 19.89 19.00 19.70 6048739
20070201 19.49 20.78 19.09 20.77 11768858
20070202 20.62 20.77 20.12 20.30 6372483
20070205 20.42 20.48 20.15 20.15 4644791
20070206 20.06 20.27 19.81 19.87 4090854
20070207 19.84 20.04 19.67 19.89 4663387
20070208 19.84 19.84 19.45 19.49 3939584
20070209 19.40 19.67 19.00 19.22 3615387
20070212 19.22 19.40 19.02 19.37 2614559
20070213 19.38 19.54 19.22 19.37 3480900
20070214 19.55 19.71 19.39 19.68 4010797
20070215 19.71 19.87 19.71 19.82 3453798
20070216 19.76 20.00 19.50 19.53 3595543
20070220 19.49 19.67 19.40 19.54 2889316
20070221 19.54 19.69 19.40 19.52 3247078
20070222 19.48 19.52 19.09 19.22 6365339
20070223 19.32 19.43 19.18 19.30 6429861
20070226 19.38 19.82 19.18 19.73 4225227
20070227 19.31 19.77 18.99 19.09 8011728
20070228 19.38 19.42 18.89 19.11 8713872
20070301 18.92 19.05 18.79 18.88 6625242
20070302 18.54 18.79 18.30 18.59 5389005
20070305 18.37 18.92 18.31 18.69 4492954
20070306 18.96 19.31 18.74 19.29 4739362
20070307 19.20 19.22 18.79 18.84 3746018
20070308 19.05 19.26 18.78 18.88 3617201
20070309 18.92 18.97 18.39 18.64 6052481
20070312 18.54 19.07 18.37 19.00 5708667
20070313 18.88 18.96 18.59 18.67 5224808
20070314 18.65 18.82 18.33 18.76 4336128
20070315 18.76 19.28 18.73 19.24 4330458
20070316 19.31 19.40 18.97 19.06 4330799
20070319 19.10 19.37 19.07 19.25 2253508
20070320 19.20 19.42 18.88 18.97 5691997
20070321 19.07 19.32 18.80 19.27 5371315
20070322 19.36 19.36 19.07 19.12 6169052
20070323 19.38 19.80 19.31 19.70 5854380
20070326 19.67 20.05 19.65 19.96 4690149
20070327 19.93 20.27 19.87 19.95 4261854
20070328 19.86 20.33 19.78 19.80 4740837
20070329 19.89 19.94 19.29 19.59 3260119
20070330 19.63 19.72 19.07 19.36 3500064
20070402 19.95 19.95 19.36 19.56 4270245
20070403 19.75 20.00 19.61 19.82 4349055
20070404 19.86 20.01 19.84 19.93 5267785
20070405 19.92 20.28 19.92 20.17 4405186
20070409 20.17 20.43 20.10 20.30 7719848
20070410 20.34 20.48 20.26 20.43 4494768
20070411 20.28 20.55 20.28 20.40 5944075
20070412 20.40 20.40 19.98 20.12 3713927
20070413 20.95 20.95 19.75 19.82 3728329
20070416 19.84 19.89 19.75 19.89 3910442
20070417 19.95 20.27 19.92 20.18 3930172
20070418 20.04 20.26 19.87 20.14 4193136
20070419 20.27 20.49 20.00 20.42 4537745
20070420 20.71 20.71 20.28 20.51 4415278
20070423 20.46 20.57 19.95 20.15 4042321
20070424 20.15 20.27 19.89 20.22 3773006
20070425 18.86 19.31 18.39 19.04 29582828
20070426 19.83 19.83 18.83 19.13 7595453
20070427 19.15 19.27 18.89 19.15 6648941
20070430 18.93 19.08 18.54 18.56 9001329
20070501 18.61 18.78 18.29 18.40 11219911
20070502 18.39 18.55 18.33 18.47 9652446
20070503 18.49 19.00 18.38 18.97 7755114
20070504 18.97 19.07 18.71 19.00 4006828
20070507 19.00 19.15 18.97 19.08 3409801
20070508 18.98 19.14 18.64 18.82 4727456
20070509 18.80 19.12 18.62 18.94 4176694
20070510 18.80 18.84 18.66 18.66 4164447
20070511 18.76 18.98 18.70 18.94 3556875
20070514 18.93 18.94 18.63 18.70 3760873
20070515 18.99 19.57 18.62 18.63 3762347
20070516 18.67 18.92 18.64 18.85 3659271
20070517 18.72 18.88 18.63 18.72 3813375
20070518 18.78 19.15 18.75 19.08 5258373
20070521 19.26 19.35 19.07 19.19 4128728
20070522 19.07 19.32 19.03 19.07 3627180
20070523 19.15 19.60 19.07 19.48 5655711
20070524 19.41 19.62 19.05 19.08 4372075
20070525 19.24 19.67 19.17 19.65 3227574
20070529 19.65 19.78 19.24 19.30 4745032
20070530 19.27 19.67 19.22 19.67 4366178
20070531 19.62 20.01 19.53 19.80 3694537
20070601 19.92 20.06 19.79 19.83 2397747
20070604 19.71 19.80 19.51 19.56 4961504
20070605 19.22 19.62 19.14 19.54 3191628
20070606 19.43 19.62 19.30 19.55 5816506
20070607 19.47 19.56 19.20 19.24 5739623
20070608 19.05 19.59 18.89 19.54 5498658
20070611 19.54 20.21 19.40 20.06 5474165
20070612 19.97 20.10 19.64 19.77 4973411
20070613 19.92 20.21 19.62 20.19 3483054
20070614 20.19 20.49 20.08 20.34 5799043
20070615 20.58 20.63 20.12 20.19 4614627
20070618 20.18 20.19 19.94 20.01 2696203
20070619 20.01 20.01 19.65 19.80 3533969
20070620 19.47 19.80 18.64 18.70 11481174
20070621 18.78 18.94 18.39 18.55 7612689
20070622 18.51 18.63 18.30 18.49 5899171
20070625 18.43 18.62 18.21 18.26 4583897
20070626 18.48 18.52 17.82 18.03 7294615
20070627 18.22 18.45 17.81 18.29 7371270
20070628 18.23 18.34 18.08 18.10 4461090
20070629 18.10 18.54 18.10 18.37 4521303
20070702 18.48 18.50 18.21 18.40 4431607
20070703 18.39 18.45 18.22 18.28 2447867
20070705 18.28 18.40 17.81 18.07 4584578
20070706 18.07 18.09 17.86 17.91 6017669
20070709 17.90 18.01 17.66 17.74 8351574
20070710 17.87 18.58 17.70 18.24 7637069
20070711 18.16 18.38 17.96 18.29 4308120
20070712 18.17 18.47 18.07 18.44 4495449
20070713 18.34 18.56 18.10 18.22 3725494
20070716 18.14 18.39 18.01 18.20 3113839
20070717 18.25 18.29 17.96 18.07 3934481
20070718 17.95 18.03 17.64 17.94 4778824
20070719 17.78 18.21 17.78 18.08 6406389
20070720 17.67 18.50 17.28 18.23 6435418
20070723 17.82 18.70 17.82 18.25 3845353
20070724 18.18 19.12 18.18 18.91 11397148
20070725 18.91 19.03 18.58 18.90 6328259
20070726 18.65 18.96 18.32 18.41 7094132
20070727 18.43 18.53 17.76 17.80 5403746
20070730 17.81 18.03 17.49 17.86 4708179
20070731 17.87 17.98 17.57 17.59 4923970
20070801 17.64 17.83 17.30 17.44 6204998
20070802 17.11 17.54 17.10 17.44 5311102
20070803 17.47 17.76 17.20 17.21 6486446
20070806 17.25 17.82 17.21 17.76 5696873
20070807 17.34 18.03 17.32 17.83 6124601
20070808 17.81 18.42 17.72 18.10 5121505
20070809 17.58 17.86 16.98 17.58 10329417
20070810 17.06 18.21 16.07 17.32 7830522
20070813 17.28 17.73 17.14 17.20 3995035
20070814 17.18 17.20 16.71 16.76 4642409
20070815 16.60 17.07 16.59 16.68 6999447
20070816 16.42 16.52 15.84 16.19 7936773
20070817 17.14 17.93 15.88 16.52 6808716
20070820 17.20 17.20 16.30 16.34 3418192
20070821 16.31 16.89 16.31 16.75 3931080
20070822 16.91 17.45 16.89 17.22 4170231
20070823 17.29 17.45 16.98 17.29 3975077
20070824 17.35 17.58 16.69 17.51 3810767
20070827 17.51 17.51 17.08 17.13 2582581
20070828 16.98 17.09 16.49 16.67 5927973
20070829 16.72 16.88 16.64 16.88 3895700
20070830 16.66 16.77 16.44 16.54 3925637
20070831 16.76 16.76 16.37 16.61 3637839
20070904 16.51 17.86 16.50 17.73 5411344
20070905 17.64 17.65 17.41 17.52 3712113
20070906 16.83 17.63 16.83 17.55 4030868
20070907 17.20 17.36 16.98 17.09 3744544
20070910 17.15 17.26 16.68 17.04 3519114
20070911 17.04 17.51 16.98 17.45 3137085
20070912 17.47 17.68 17.33 17.58 3474776
20070913 17.64 17.74 17.42 17.73 3871320
20070914 17.70 17.81 17.46 17.75 3588285
20070917 17.66 17.74 17.36 17.43 1751846
20070918 17.52 17.91 17.32 17.80 2946580
20070919 17.95 18.23 17.61 17.66 4792545
20070920 17.59 17.64 17.28 17.32 3704289
20070921 16.83 18.09 16.83 18.01 8074435
20070924 17.84 18.70 17.81 18.66 6680012
20070925 18.69 18.77 18.42 18.57 5991361
20070926 18.74 19.13 18.34 18.91 5254745
20070927 18.93 19.06 18.82 18.95 3911122
20070928 18.87 18.93 18.23 18.49 6007463
20071001 18.59 18.68 18.29 18.59 4162746
20071002 18.58 18.78 18.37 18.53 3779243
20071003 18.38 18.70 18.33 18.48 15110055
20071004 18.49 18.52 18.18 18.45 5454321
20071005 18.61 18.65 18.36 18.41 4325469
20071008 18.36 18.41 18.11 18.27 3270324
20071009 18.30 18.60 18.22 18.44 3574564
20071010 17.82 18.25 17.68 17.94 6695660
20071011 17.99 18.08 17.55 17.71 5577355
20071012 17.75 17.79 17.60 17.75 4890518
20071015 17.73 17.83 17.25 17.36 3614820
20071016 17.41 17.53 17.03 17.13 3606542
20071017 17.32 17.34 16.97 17.03 4125099
20071018 17.11 17.43 16.72 16.83 5232859
20071019 16.46 17.11 16.16 16.25 9865970
20071022 16.43 16.81 16.36 16.74 5673968
20071023 17.43 18.40 17.43 17.89 14195294
20071024 18.03 18.94 18.03 18.86 12990354
20071025 18.90 19.40 18.48 19.13 8039850
20071026 19.08 19.30 18.79 19.24 3880732
20071029 19.24 19.62 19.00 19.47 6595646
20071030 19.47 19.74 19.33 19.61 5235694
20071031 19.83 19.83 19.22 19.44 5381067
20071101 19.27 19.52 18.97 19.21 5757427
20071102 19.22 19.62 19.09 19.52 5417013
20071105 18.74 19.83 18.74 19.49 4061258
20071106 19.06 19.67 19.06 19.65 4337262
20071107 19.39 20.71 19.39 20.01 10708384
20071108 20.03 20.19 19.39 19.96 6448912
20071109 19.66 19.90 19.38 19.40 4634585
20071112 19.33 20.05 19.18 19.76 5795074
20071113 19.89 20.37 19.25 20.33 4847655
20071114 20.41 20.41 19.97 20.04 4708405
20071115 19.92 20.42 19.37 19.39 7178045
20071116 19.52 19.97 19.35 19.97 9016638
20071119 19.88 20.06 19.31 19.42 5959951
20071120 19.41 19.60 18.75 18.99 5571685
20071121 18.91 18.96 18.59 18.61 4089039
20071123 18.92 19.14 18.78 19.12 2038396
20071126 19.08 19.22 18.07 18.10 5016954
20071127 18.18 19.11 18.18 19.03 5014460
20071128 19.14 19.98 19.03 19.84 5939880
20071129 19.85 19.93 19.08 19.84 5023531
20071130 20.04 20.19 19.64 19.93 4405980
20071203 20.22 20.49 20.09 20.39 6467055
20071204 20.23 20.50 20.16 20.22 5778745
20071205 20.37 20.50 19.98 20.25 6344361
20071206 20.24 20.25 19.88 20.10 4058309
20071207 20.10 20.27 19.95 20.03 3034008
20071210 20.12 20.94 20.12 20.88 7251865
20071211 20.93 21.14 20.29 20.37 6308982
20071212 20.68 20.91 20.17 20.56 3834732
20071213 20.43 21.00 20.33 20.66 3041093
20071214 20.44 21.19 20.36 20.90 5582639
20071217 20.77 20.80 20.27 20.29 4827714
20071218 20.48 20.61 19.80 20.28 4311866
20071219 20.25 20.89 20.09 20.79 4581733
20071220 20.89 20.96 20.52 20.87 4397784
20071221 20.94 21.33 20.72 21.29 7164030
20071224 21.03 21.54 20.62 21.49 1685987
20071226 21.53 21.92 21.19 21.84 3125766
20071227 21.77 21.93 21.18 21.19 3167310
20071228 21.39 21.67 21.08 21.16 2767491
20071231 21.11 21.71 21.09 21.45 2525811
20080102 21.48 21.48 20.04 20.34 6292850
20080103 20.37 20.65 20.27 20.54 3384313
20080104 20.39 20.42 19.16 19.38 8108903
20080107 19.46 19.86 19.12 19.31 5907973
20080108 19.44 19.73 18.78 18.88 5051509
20080109 18.86 19.81 18.76 19.74 5762739
20080110 19.64 19.91 19.05 19.70 4347637
20080111 19.49 19.69 18.66 18.85 5789454
20080114 18.97 19.34 18.77 19.15 6193235
20080115 18.09 19.43 18.09 18.92 7064755
20080116 18.80 19.71 18.80 19.32 7036342
20080117 19.43 19.75 18.68 18.75 7435821
20080118 18.88 19.09 18.50 18.59 8317755
20080122 16.40 18.22 16.40 17.68 7834282
20080123 16.93 17.94 16.93 17.45 9067246
20080124 17.58 18.57 17.43 18.38 10351490
20080125 18.52 18.73 17.81 18.08 4455176
20080128 18.11 18.62 17.67 18.58 4529435
20080129 18.48 18.69 18.16 18.48 4447139
20080130 18.06 18.98 18.06 18.43 5366882
20080131 18.45 20.10 17.84 19.79 11300777
20080201 20.00 20.48 19.55 20.35 5111618
20080204 20.27 20.27 19.86 19.96 5080941
20080205 19.73 19.88 19.23 19.27 5103128
20080206 19.39 20.01 19.32 19.46 3610258
20080207 19.32 19.62 18.93 19.24 5783454
20080208 19.06 19.33 18.98 19.14 5270096
20080211 19.20 19.57 19.12 19.40 3098372
20080212 19.49 19.74 19.01 19.03 5290699
20080213 19.14 19.51 18.95 19.28 6260475
20080214 19.28 19.38 18.60 18.63 4830884
20080215 18.59 18.92 18.37 18.88 5685198
20080219 19.06 19.42 18.80 18.90 7360544
20080220 18.70 18.93 18.42 18.81 4914199
20080221 18.91 18.91 18.41 18.54 3422801
20080222 18.58 19.01 18.38 18.94 4856467
20080225 19.02 19.36 18.83 19.30 5281756
20080226 19.25 19.30 18.93 19.07 9844245
20080227 18.92 19.35 18.85 19.11 5128145
20080228 18.83 19.08 18.66 18.81 3971363
20080229 18.64 18.69 18.31 18.37 5288435
20080303 18.47 18.74 18.33 18.66 6600525
20080304 18.42 19.13 18.28 19.05 9896316
20080305 19.21 19.66 19.02 19.60 8510759
20080306 19.50 19.58 18.79 19.22 9323755
20080307 19.03 19.17 18.63 18.80 6985289
20080310 18.80 18.80 18.31 18.52 5611731
20080311 18.59 19.27 18.38 19.24 5254928
20080312 19.25 19.43 18.67 18.68 3980080
20080313 18.38 18.75 18.21 18.62 7333942
20080314 18.73 18.80 18.04 18.22 5517323
20080317 17.75 18.22 16.94 18.03 9165276
20080318 18.41 19.21 18.41 19.17 4891446
20080319 19.43 19.85 19.25 19.38 6244061
20080320 19.43 19.64 18.86 19.39 5782436
20080324 19.43 19.75 19.21 19.50 3060337
20080325 19.49 19.66 19.17 19.26 6368241
20080326 19.23 19.23 18.64 18.71 7026607
20080327 18.72 18.77 18.24 18.45 4627013
20080328 18.75 18.78 18.46 18.53 3120106
20080331 18.53 18.90 18.51 18.79 3959817
20080401 19.19 19.19 18.72 18.99 4597128
20080402 19.05 19.21 18.80 18.90 4088185
20080403 18.75 18.83 18.45 18.59 4927103
20080404 18.58 18.73 18.30 18.35 3095089
20080407 18.45 18.95 18.45 18.60 4349901
20080408 18.61 18.81 18.37 18.55 3528642
20080409 18.60 18.81 18.37 18.39 3859749
20080410 18.36 18.45 17.54 18.19 6072452
20080411 18.07 18.11 17.77 17.92 4990608
20080414 17.87 17.99 17.57 17.69 4099844
20080415 17.77 18.19 17.73 18.15 3973061
20080416 18.27 18.67 18.19 18.65 4379559
20080417 18.56 18.85 18.54 18.67 2562488
20080418 18.85 18.99 17.99 18.16 7742591
20080421 17.96 18.85 17.96 18.69 4043924
20080422 18.24 19.66 18.24 19.43 8668899
20080423 19.56 19.96 19.52 19.88 6591017
20080424 19.87 20.70 19.87 20.55 7929030
20080425 20.61 20.61 20.06 20.37 5606751
20080428 20.29 20.71 20.28 20.52 5110486
20080429 20.45 20.65 20.20 20.33 4428235
20080430 20.41 20.53 20.27 20.32 4876390
20080501 20.32 20.89 20.32 20.88 6064075
20080502 20.86 20.98 20.30 20.63 5316735
20080505 20.51 20.81 20.15 20.58 3263416
20080506 20.40 20.44 20.08 20.41 4155991
20080507 20.40 20.57 20.04 20.09 3932876
20080508 20.22 20.70 20.09 20.51 5232062
20080509 20.17 20.46 19.95 20.29 4007134
20080512 20.38 20.53 20.27 20.41 3042678
20080513 20.36 21.15 20.34 21.11 5489590
20080514 21.17 21.17 20.80 20.84 4751645
20080515 20.81 20.87 20.49 20.67 2868238
20080516 20.66 20.76 20.26 20.69 3879898
20080519 20.65 21.18 20.60 20.99 4191762
20080520 20.85 20.95 20.69 20.87 3531472
20080521 20.79 21.17 20.54 20.58 6459932
20080522 20.66 20.78 20.40 20.54 3266586
20080523 20.49 20.60 19.84 20.07 5707951
20080527 20.19 20.66 20.18 20.44 4461855
20080528 20.48 20.68 20.21 20.63 4949743
20080529 20.63 20.85 20.12 20.23 5476006
20080530 20.17 20.94 20.17 20.88 7109808
20080602 20.84 20.85 20.33 20.60 5244174
20080603 20.65 21.36 20.65 21.16 9038380
20080604 20.95 20.95 20.30 20.63 6039171
20080605 20.66 21.10 20.63 21.00 4471024
20080606 20.68 20.84 20.23 20.26 5453139
20080609 20.24 20.69 20.24 20.43 4165613
20080610 20.25 21.09 20.24 20.95 5233080
20080611 20.73 20.95 20.45 20.49 3662330
20080612 20.56 21.20 20.56 20.99 6283794
20080613 21.09 21.23 20.89 21.23 3603806
20080616 20.83 20.83 20.02 20.78 8804058
20080617 20.85 21.01 20.38 20.44 4879333
20080618 20.34 20.72 20.22 20.23 4738966
20080619 20.12 20.61 19.76 20.46 6211573
20080620 21.51 22.52 21.27 22.17 26357046
20080623 22.43 23.10 22.38 22.87 17033744
20080624 22.75 22.93 22.14 22.23 7811755
20080625 22.37 22.98 22.36 22.64 8171389
20080626 22.43 22.47 21.86 21.86 8446236
20080627 21.85 22.38 21.72 22.25 9637317
20080630 22.25 22.51 21.71 21.84 11029552
20080701 21.60 22.53 21.52 21.93 10759119
20080702 22.00 22.01 20.78 21.10 14952579
20080703 21.25 21.32 20.49 20.61 6304962
20080707 20.71 21.26 20.57 20.89 7435934
20080708 20.89 21.55 20.23 21.45 9535098
20080709 21.73 21.80 20.75 20.78 10584453
20080710 20.74 21.32 20.72 21.26 8140938
20080711 21.18 21.54 20.73 21.24 9025136
20080714 21.53 21.61 20.98 21.36 6122712
20080715 21.20 22.19 21.20 21.79 8876166
20080716 21.86 22.37 21.60 22.18 7401296
20080717 22.26 22.62 21.86 22.37 7268966
20080718 22.43 22.94 22.16 22.84 10083887
20080721 22.77 22.91 22.01 22.15 6878542
20080722 22.64 24.59 22.62 24.05 26174796
20080723 24.18 24.56 24.12 24.54 12554344
20080724 24.41 24.56 24.24 24.35 11810173
20080725 24.41 24.54 23.87 24.21 9315944
20080728 24.10 24.23 23.91 24.13 9509402
20080729 24.18 24.36 23.57 23.84 9247346
20080730 24.01 24.82 24.01 24.76 9409221
20080731 24.80 24.80 24.06 24.42 9005553
20080801 23.96 24.78 23.93 24.36 4848996
20080804 24.38 24.44 23.85 24.10 4249833
20080805 24.25 24.94 23.95 24.06 7888504
20080806 24.02 24.34 23.65 23.81 7563623
20080807 23.67 23.85 23.48 23.60 6469328
20080808 23.31 23.93 23.29 23.71 6747118
20080811 23.65 23.95 23.60 23.79 8966159
20080812 23.65 23.92 23.50 23.82 6165048
20080813 23.74 24.32 23.62 24.15 6457442
20080814 23.84 24.76 23.79 24.53 6973290
20080815 24.64 25.28 24.25 25.04 8744855
20080818 25.12 25.18 24.82 24.91 5193800
20080819 24.86 25.10 24.72 24.87 11543816
20080820 24.89 24.96 24.31 24.82 6137428
20080821 24.59 24.77 24.40 24.74 4214289
20080822 24.61 24.98 24.61 24.91 4293302
20080825 24.78 24.78 24.50 24.66 5842205
20080826 24.65 24.78 24.37 24.75 5064074
20080827 24.82 24.96 24.66 24.91 5775304
20080828 24.95 24.99 24.43 24.66 6698329
20080829 24.59 24.81 24.36 24.40 5656671
20080902 24.88 24.96 24.58 24.88 4903671
20080903 24.78 24.89 24.22 24.43 5357373
20080904 24.08 24.51 23.26 23.26 11221764
20080905 23.02 23.76 22.98 23.73 9094753
20080908 24.21 24.49 23.70 24.06 6694480
20080909 23.97 24.34 23.18 23.20 8393032
20080910 23.38 23.50 22.62 22.71 9925861
20080911 22.40 22.41 22.03 22.31 16162338
20080912 21.93 22.66 21.93 22.54 6958234
20080915 22.06 23.24 22.06 22.58 7761382
20080916 22.36 22.87 21.76 22.50 11652147
20080917 22.19 22.33 21.61 21.71 12053777
20080918 22.02 22.40 21.04 22.21 16185883
20080919 24.06 24.06 22.31 22.72 11749951
20080922 22.64 23.16 22.09 22.20 5624183
20080923 22.16 22.64 21.93 21.95 7435142
20080924 21.95 22.95 21.64 22.84 8944538
20080925 22.96 23.17 22.31 22.41 4600411
20080926 22.00 22.76 21.91 22.29 4434235
20080929 21.98 22.03 20.42 20.81 7596111
20080930 21.25 21.83 20.81 21.79 6162105
20081001 21.61 21.77 20.04 20.23 8302473
20081002 20.04 20.35 19.28 19.33 6859751
20081003 19.58 20.20 18.71 18.76 8322736
20081006 18.39 18.50 16.86 17.77 11173089
20081007 17.94 18.45 16.27 16.27 12904242
20081008 15.75 17.08 14.58 16.47 17694260
20081009 16.42 17.58 16.12 16.43 13425184
20081010 15.80 17.10 15.05 16.02 11077775
20081013 16.37 18.18 15.69 18.07 6055132
20081014 18.72 19.95 18.19 18.69 10592377
20081015 18.50 18.62 16.75 16.86 6814811
20081016 16.82 17.38 15.53 16.95 9839264
20081017 15.41 17.71 15.24 16.97 6561358
20081020 17.27 18.04 16.48 18.00 5526379
20081021 16.08 16.08 14.02 14.80 23290370
20081022 14.47 14.70 12.74 13.21 13456654
20081023 13.24 13.52 12.64 13.26 14685203
20081024 12.42 13.24 12.15 12.84 7024456
20081027 12.66 12.97 11.82 11.89 9282211
20081028 12.08 14.42 12.08 14.39 12159505
20081029 14.38 14.70 13.07 13.20 10449633
20081030 13.51 13.86 13.05 13.53 7829188
20081031 13.33 14.02 12.62 13.48 10268062
20081103 13.47 14.04 12.91 13.03 6715422
20081104 13.20 13.85 12.14 13.79 18306554
20081105 13.60 14.70 13.16 13.68 10616262
20081106 13.56 13.56 12.69 13.02 8610941
20081107 13.15 13.71 12.38 13.68 6384881
20081110 13.81 14.13 13.29 13.56 5812433
20081111 13.41 13.46 12.54 12.89 5478270
20081112 12.35 12.40 11.34 11.42 10577548
20081113 11.40 12.13 10.85 12.03 12771120
20081114 11.81 12.81 11.25 11.92 9905938
20081117 11.72 11.90 11.33 11.37 5931519
20081118 11.42 11.44 10.34 10.64 14694938
20081119 10.57 11.07 9.93 10.09 10748705
20081120 9.94 10.35 9.39 9.60 13865868
20081121 9.74 10.58 9.26 10.53 19558424
20081124 10.68 11.78 10.09 11.52 10086038
20081125 11.93 11.93 11.20 11.61 9201161
20081126 11.50 11.86 11.20 11.57 9328510
20081128 11.68 11.93 11.22 11.72 3792848
20081201 11.50 11.50 10.80 10.84 8338697
20081202 10.78 11.58 10.68 11.02 9321718
20081203 11.02 11.42 10.73 11.19 11303381
20081204 11.02 11.44 10.67 10.87 8158937
20081205 10.78 11.21 10.63 11.18 9663239
20081208 11.44 12.16 11.14 11.82 9864281
20081209 11.67 11.86 11.27 11.49 8785946
20081210 11.64 12.14 11.45 11.93 8978158
20081211 11.89 12.73 11.79 11.96 6917256
20081212 11.66 12.22 11.48 12.11 6833829
20081215 12.14 12.25 11.89 12.10 5286850
20081216 12.18 12.65 12.08 12.54 9999327
20081217 12.37 12.70 12.10 12.42 5382050
20081218 12.50 12.71 12.24 12.36 5458959
20081219 12.48 12.51 11.62 12.25 7829716
20081222 12.23 12.27 11.77 12.09 4917601
20081223 12.39 12.39 12.07 12.19 5912838
20081224 12.19 12.31 11.97 12.19 2683313
20081226 12.26 12.45 12.08 12.41 2880509
20081229 12.43 12.62 12.32 12.40 5316847
20081230 12.48 12.53 12.28 12.49 3959049
20081231 12.47 12.78 12.05 12.70 4182659
20090102 12.68 13.54 12.60 13.47 5174171
20090105 13.35 13.35 12.79 12.86 7168821
20090106 13.05 14.17 13.03 13.96 10764857
20090107 13.73 13.85 13.05 13.09 5572627
20090108 13.16 13.71 12.94 13.58 6228216
20090109 13.55 13.67 13.19 13.32 5338181
20090112 13.30 13.44 12.83 13.00 7427986
20090113 12.96 13.55 12.81 13.38 11796102
20090114 13.18 13.33 12.58 12.75 6580393
20090115 12.86 13.11 12.40 12.93 7858838
20090116 13.28 13.58 12.71 13.06 7090710
20090120 12.93 13.42 11.86 11.90 9945031
20090121 12.11 12.66 11.81 12.60 9481106
20090122 12.23 12.67 12.05 12.30 6808066
20090123 11.99 12.38 11.58 12.20 4723340
20090126 12.17 12.95 12.12 12.78 6651618
20090127 12.72 13.31 12.69 13.19 7063732
20090128 13.41 13.79 12.94 13.32 7118703
20090129 13.16 13.29 12.93 13.06 5229367
20090130 13.11 13.16 12.05 12.10 9709344
20090202 11.52 12.38 11.52 12.23 8208531
20090203 12.08 12.47 12.08 12.27 8316329
20090204 12.31 12.65 11.69 12.19 12074118
20090205 11.44 11.83 10.30 11.10 32054256
20090206 11.16 11.69 10.85 11.38 11126063
20090209 11.30 11.41 11.07 11.22 9225553
20090210 11.28 11.60 10.97 11.01 10552197
20090211 11.06 11.18 10.83 11.10 9625815
20090212 10.95 11.44 10.74 11.40 8988060
20090213 11.45 11.50 11.14 11.14 4975168
20090217 10.72 11.01 10.12 10.51 11008671
20090218 10.57 10.74 10.37 10.64 8456183
20090219 10.65 10.76 10.09 10.17 7604978
20090220 9.98 10.22 9.90 10.12 8134597
20090223 10.21 10.28 9.73 9.75 6162973
20090224 9.82 10.46 9.73 10.35 8675729
20090225 10.30 10.40 9.89 10.06 7979955
20090226 10.31 10.33 9.90 9.90 5741716
20090227 9.70 10.27 9.69 9.89 7985599
20090302 9.67 9.79 8.90 9.53 7901844
20090303 9.66 9.77 9.30 9.49 7879720
20090304 9.49 10.19 9.44 9.94 9315177
20090305 9.68 9.73 9.36 9.42 6267272
20090306 9.50 9.57 8.99 9.24 8034587
20090309 9.12 9.68 9.12 9.34 7223002
20090310 9.51 10.16 9.35 9.96 11508604
20090311 10.08 10.25 9.74 10.13 9011651
20090312 10.06 10.81 9.90 10.71 6845541
20090313 10.69 10.88 10.56 10.63 7011244
20090316 10.72 10.93 10.58 10.61 4672206
20090317 10.60 10.99 10.50 10.99 5397441
20090318 11.00 11.09 10.72 11.01 6866084
20090319 11.12 11.12 10.57 10.59 5607731
20090320 10.60 10.86 10.36 10.65 14453453
20090323 10.98 11.11 10.52 11.09 10590123
20090324 10.97 11.29 10.74 11.08 11748693
20090325 11.19 11.19 10.56 10.96 10508287
20090326 11.05 11.26 10.87 11.22 8425142
20090327 11.12 11.49 10.98 11.21 9466997
20090330 10.99 11.35 10.57 10.63 7416360
20090331 10.72 11.30 10.57 11.14 9872677
20090401 10.96 11.30 10.70 11.23 9010296
20090402 11.49 12.01 11.26 11.92 15453769
20090403 11.92 12.30 11.69 12.24 9275783
20090406 12.14 12.46 11.63 11.86 7053235
20090407 11.69 12.13 11.66 11.83 6879517
20090408 11.85 12.22 11.78 12.15 5907307
20090409 12.42 12.79 12.15 12.77 8354594
20090413 12.62 12.89 12.54 12.81 8864685
20090414 12.70 12.87 12.40 12.65 11646652
20090415 12.55 13.14 12.42 13.11 9632813
20090416 13.25 13.64 12.95 13.36 8488804
20090417 13.42 13.47 12.92 13.22 10006323
20090420 13.02 13.09 12.62 12.64 10388976
20090421 12.87 14.68 12.87 14.33 25920744
20090422 14.16 15.08 14.16 14.69 14414284
20090423 14.74 15.03 14.58 14.95 10150129
20090424 15.00 15.65 14.78 15.48 11775219
20090427 15.26 15.88 14.91 14.97 10314590
20090428 14.81 14.89 14.47 14.56 12218826
20090429 14.68 15.14 14.54 15.09 10503434
20090430 15.21 15.43 14.82 14.84 12837054
20090501 14.86 15.14 14.66 15.07 7998241
20090504 15.12 15.65 15.04 15.63 7844390
20090505 15.55 15.79 15.17 15.53 12372113
20090506 15.52 15.81 15.35 15.62 10255217
20090507 15.80 16.08 15.60 15.71 12615702
20090508 15.88 16.05 15.53 15.86 8196115
20090511 15.56 15.93 15.42 15.42 8135274
20090512 15.56 15.76 14.94 15.11 7154147
20090513 14.93 15.13 14.67 14.71 6422929
20090514 14.64 14.88 14.45 14.69 7904666
20090515 14.26 14.86 14.24 14.49 7110125
20090518 14.64 15.43 14.53 15.41 8131097
20090519 15.42 15.43 14.72 14.74 5922658
20090520 15.08 15.62 14.85 15.34 7538719
20090521 14.99 15.26 14.81 15.23 9498377
20090522 15.23 15.23 14.62 14.63 7018694
20090526 14.55 15.48 14.48 15.45 7870690
20090527 15.48 15.48 14.71 14.75 7116107
20090528 14.79 15.07 14.53 15.01 7317028
20090529 15.06 15.62 14.87 15.62 8443428
20090601 15.92 16.27 15.49 16.06 10042557
20090602 15.99 16.15 15.16 15.19 9757317
20090603 15.17 15.38 14.99 15.16 6883242
20090604 15.22 15.30 14.98 15.17 5474536
20090605 15.26 15.42 14.97 15.00 5103284
20090608 15.04 15.33 14.66 15.19 5062422
20090609 15.29 15.29 14.78 15.09 6078541
20090610 15.21 15.83 15.15 15.80 10129472
20090611 15.83 15.93 15.25 15.32 6501605
20090612 15.27 15.31 15.01 15.28 3870215
20090615 15.06 15.09 14.79 14.87 5961714
20090616 14.95 15.02 14.64 14.64 4499843
20090617 14.72 14.86 14.53 14.57 4319353
20090618 14.51 14.67 14.44 14.49 4939725
20090619 15.06 15.06 14.20 14.30 8838497
20090622 14.22 14.29 13.73 13.88 7688281
20090623 13.94 14.22 13.85 14.12 8475936
20090624 14.29 14.39 13.98 14.16 5234673
20090625 14.09 14.63 13.94 14.52 5786416
20090626 14.47 14.61 14.24 14.56 3911415
20090629 14.56 14.87 14.35 14.75 5643400
20090630 14.77 14.80 14.39 14.53 7799013
20090701 14.59 15.02 14.59 14.74 5261989
20090702 14.54 14.59 13.63 13.63 9106355
20090706 13.60 13.82 13.39 13.81 10967358
20090707 13.80 13.93 13.47 13.52 5220676
20090708 13.53 14.01 13.40 13.80 13831387
20090709 14.35 14.82 14.26 14.61 10820957
20090710 14.51 14.52 14.20 14.34 6715055
20090713 14.36 15.03 14.02 14.96 9100937
20090714 14.95 14.95 14.38 14.82 8931734
20090715 14.89 15.43 14.89 15.40 8481806
20090716 15.39 15.99 14.89 15.93 7725192
20090717 15.93 16.08 15.75 15.95 6682208
20090720 16.10 16.23 15.82 16.17 8857009
20090721 16.13 16.13 14.79 15.54 16592247
20090722 15.39 15.87 15.39 15.71 7461624
20090723 16.33 16.34 16.04 16.17 7793369
20090724 16.04 16.42 16.04 16.35 5450832
20090727 16.66 16.66 16.31 16.56 5200132
20090728 16.41 16.51 16.18 16.33 4317660
20090729 16.24 16.35 15.88 15.99 5664508
20090730 16.11 16.39 15.95 16.15 5514269
20090731 15.88 16.14 15.49 15.49 9017633
20090803 15.65 15.85 15.44 15.73 8247248
20090804 15.66 15.88 15.55 15.88 5065470
20090805 15.88 15.94 15.34 15.52 5860237
20090806 15.59 15.72 15.37 15.61 5060391
20090807 15.82 16.18 15.56 16.01 5248105
20090810 16.00 16.00 15.78 15.97 4259415
20090811 15.93 16.05 15.60 15.61 4343396
20090812 15.57 16.18 15.47 15.97 5242461
20090813 15.97 16.11 15.81 15.99 4561813
20090814 16.04 16.19 15.73 15.89 5191102
20090817 15.50 15.76 15.25 15.46 3021041
20090818 15.52 15.74 15.42 15.70 3975755
20090819 15.48 15.92 15.47 15.87 4585178
20090820 15.89 16.03 15.67 15.98 5758083
20090821 16.13 16.50 15.94 16.46 6927377
20090824 16.48 16.59 16.40 16.42 5315944
20090825 16.42 16.67 16.37 16.38 7595609
20090826 16.39 16.70 16.35 16.47 4228938
20090827 16.42 16.77 16.33 16.74 5510770
20090828 16.92 17.00 16.50 16.63 4599739
20090831 16.49 16.56 15.90 15.98 8921123
20090901 16.10 16.43 15.63 15.69 8391392
20090902 15.61 15.86 15.36 15.80 6638637
20090903 15.88 16.17 15.68 16.17 6539644
20090904 16.21 16.25 15.94 16.11 4701103
20090908 16.21 16.43 16.01 16.12 5151708
20090909 16.13 16.39 16.04 16.35 4012327
20090910 16.35 16.65 16.23 16.45 5956296
20090911 16.55 16.80 16.37 16.72 4999550
20090914 16.64 16.89 16.53 16.89 4739143
20090915 16.89 16.98 16.53 16.61 6708169
20090916 16.71 17.04 16.61 17.01 5288854
20090917 17.05 17.40 16.80 17.26 5723882
20090918 17.38 17.38 17.20 17.33 7004020
20090921 17.23 17.45 17.06 17.27 5815764
20090922 17.39 18.29 17.30 18.21 10051248
20090923 18.26 18.26 17.36 17.36 9658775
20090924 17.44 17.58 17.16 17.19 5375656
20090925 17.12 17.30 16.83 16.90 4749640
20090928 16.98 17.48 16.89 17.48 3810390
20090929 17.46 17.59 17.03 17.06 6687061
20090930 17.12 17.15 16.58 16.76 8924736
20091001 16.68 16.86 16.32 16.35 6909655
20091002 16.22 16.36 16.06 16.10 5635725
20091005 16.21 16.22 16.01 16.09 7312852
20091006 16.23 16.72 16.19 16.63 8837820
20091007 16.51 16.67 16.36 16.53 4969863
20091008 16.66 16.89 16.61 16.80 3993251
20091009 16.78 16.92 16.67 16.89 3895838
20091012 16.90 17.07 16.89 16.98 2981421
20091013 17.08 17.09 16.74 17.01 5599830
20091014 17.20 17.66 17.09 17.57 6147735
20091015 17.49 17.64 17.35 17.59 5412115
20091016 17.49 17.67 17.07 17.52 4928437
20091019 17.51 17.78 17.30 17.43 7748783
20091020 17.56 17.75 17.19 17.37 8170266
20091021 17.03 17.49 16.68 16.97 8618049
20091022 16.92 17.19 16.54 17.12 6130916
20091023 17.09 17.09 16.60 16.65 5256684
20091026 16.65 17.05 16.50 16.68 4620283
20091027 16.75 16.93 16.40 16.54 5949974
20091028 16.45 16.58 16.11 16.13 5856174
20091029 16.27 16.66 16.18 16.50 7275377
20091030 16.56 16.56 16.02 16.10 7687716
20091102 16.10 16.52 16.04 16.47 6077751
20091103 16.39 16.45 16.22 16.41 4467447
20091104 16.41 16.61 16.27 16.31 5648254
20091105 16.48 16.80 16.42 16.80 3371073
20091106 16.61 16.75 16.43 16.66 4760025
20091109 16.83 17.30 16.67 17.28 4881480
20091110 17.22 17.47 17.17 17.40 4155455
20091111 17.48 17.50 17.16 17.35 3679904
20091112 17.36 17.47 17.07 17.12 3993477
20091113 17.12 17.31 16.96 17.22 2984920
20091116 17.31 17.80 17.30 17.74 5931688
20091117 17.54 17.62 17.14 17.56 4827638
20091118 17.52 17.59 17.24 17.43 3098813
20091119 16.82 17.12 16.78 17.08 6137802
20091120 17.02 17.05 16.58 16.68 10520027
20091123 16.79 17.02 16.75 16.81 5990384
20091124 16.88 16.92 16.74 16.76 5376108
20091125 16.75 16.82 16.71 16.75 5645432
20091127 16.32 16.59 16.21 16.39 3007383
20091130 16.43 16.58 16.23 16.35 6662567
20091201 16.46 16.58 16.35 16.38 9329174
20091202 16.36 16.62 16.19 16.30 7770117
20091203 16.32 16.43 15.78 15.80 9155908
20091204 16.01 16.25 15.94 16.07 7600462
20091207 16.14 16.32 15.95 16.16 5004855
20091208 16.08 16.24 15.92 15.99 4850326
20091209 16.08 16.19 15.97 16.11 4081747
20091210 16.30 16.90 16.30 16.83 9947401
20091211 16.93 17.05 16.77 16.89 5792962
20091214 17.06 17.15 16.83 17.02 3749775
20091215 16.97 16.97 16.74 16.81 5558178
20091216 16.93 17.12 16.89 17.04 5378365
20091217 16.94 17.11 16.89 16.91 5073633
20091218 17.10 17.21 16.81 17.00 6737876
20091221 17.11 17.27 17.01 17.10 4999592
20091222 17.08 17.30 17.05 17.23 3982254
20091223 17.21 17.38 17.20 17.28 2793767
20091224 17.34 17.34 17.05 17.11 1710378
20091228 17.13 17.16 16.91 16.97 3179052
20091229 17.08 17.20 16.88 16.95 3526641
20091230 16.89 17.00 16.81 16.90 3233514
20091231 16.90 17.01 16.73 16.75 2721076
20100104 16.97 17.10 16.93 16.97 4813701
20100105 17.02 17.02 16.68 16.89 4405235
20100106 16.79 16.93 16.77 16.89 4734933
20100107 16.81 17.53 16.75 17.43 9291064
20100108 17.42 17.61 17.29 17.60 6384547
20100111 17.74 17.76 17.54 17.75 5991048
20100112 17.66 17.69 17.25 17.64 5724364
20100113 17.70 18.00 17.68 17.89 6506412
20100114 17.84 17.84 17.54 17.67 3655482
20100115 17.72 17.72 17.32 17.36 5302846
20100119 17.33 17.65 17.24 17.65 6200119
20100120 17.52 17.52 17.20 17.33 5636370
20100121 17.39 17.55 17.16 17.27 7427990
20100122 17.24 17.30 16.58 16.71 9174938
20100125 16.98 16.98 16.44 16.56 5178169
20100126 16.41 16.56 16.21 16.27 7190113
20100127 16.22 16.40 16.17 16.31 6672949
20100128 16.41 16.45 16.13 16.22 6409866
20100129 16.39 16.74 16.28 16.48 7566508
20100201 16.58 16.62 16.35 16.51 6947734
20100202 16.52 16.78 16.46 16.75 6311969
20100203 15.17 16.18 14.84 15.26 57215732
20100204 14.93 15.01 14.41 14.70 38589832
20100205 14.60 14.70 14.09 14.66 18814042
20100208 14.69 14.71 14.34 14.36 16637699
20100209 14.53 14.67 14.16 14.34 21898686
20100210 14.34 14.75 14.23 14.61 17698470
20100211 14.49 14.58 14.31 14.36 17758222
20100212 14.34 14.50 14.18 14.33 11593547
20100216 14.54 14.75 14.33 14.66 10752537
20100217 14.67 14.85 14.57 14.57 5223291
20100218 14.57 14.68 14.57 14.63 5205062
20100219 14.57 14.63 14.46 14.53 7835330
20100222 14.56 14.57 14.33 14.38 9796076
20100223 14.48 14.50 14.25 14.25 8518919
20100224 14.33 14.37 14.18 14.22 8897002
20100225 14.09 14.25 13.96 14.18 9757817
20100226 14.23 14.24 13.97 14.02 8316599
20100301 14.11 14.28 14.01 14.22 8700646
20100302 14.47 14.48 14.05 14.08 10048919
20100303 14.14 14.21 13.96 13.96 8045302
20100304 14.01 14.31 13.93 14.24 11171242
20100305 14.36 14.52 14.24 14.49 7704126
20100308 14.52 14.55 14.38 14.41 6455551
20100309 14.38 14.55 14.25 14.51 10149291
20100310 14.53 14.70 14.35 14.67 10848183
20100311 14.65 14.96 14.57 14.90 8807320
20100312 14.98 15.04 14.83 15.03 6274161
20100315 14.98 15.01 14.74 14.85 9801252
20100316 14.61 14.94 14.37 14.43 17630392
20100317 14.54 15.03 14.49 14.99 11242526
20100318 15.02 15.05 14.85 14.99 7235747
20100319 14.86 15.10 14.78 14.86 8941823
20100322 14.79 15.13 14.79 15.08 6938209
20100323 15.09 15.32 15.07 15.22 7699318
20100324 15.18 15.20 14.99 15.06 6576321
20100325 15.20 15.37 15.11 15.14 14328553
20100326 15.24 15.24 15.09 15.21 5690547
20100329 15.31 15.40 15.25 15.33 4239294
20100330 15.39 15.40 15.08 15.16 5912411
20100331 15.15 15.24 15.07 15.13 8298092
20100401 15.25 15.52 15.11 15.22 7812884
20100405 15.28 15.57 15.24 15.49 7489674
20100406 15.48 15.74 15.48 15.61 8483969
20100407 15.53 15.68 15.32 15.38 7423529
20100408 15.35 15.62 15.27 15.53 7034062
20100409 15.52 15.65 15.47 15.60 6035955
20100412 15.62 15.84 15.55 15.58 5912523
20100413 15.49 15.65 15.43 15.60 5108700
20100414 15.68 15.81 15.56 15.73 6622285
20100415 15.71 15.81 15.61 15.64 6257595
20100416 15.59 15.68 15.30 15.38 6551096
20100419 15.32 15.55 15.32 15.43 7746067
20100420 15.52 15.57 15.40 15.52 5901536
20100421 15.49 15.57 15.43 15.56 6825203
20100422 15.39 15.61 15.37 15.57 9233531
20100423 15.54 15.86 15.49 15.86 5721040
20100426 15.94 16.26 15.89 15.98 16687217
20100427 16.81 17.46 16.81 16.95 36811924
20100428 16.97 17.03 16.38 16.61 16874102
20100429 16.68 16.89 16.46 16.66 9590262
20100430 16.65 16.76 16.24 16.28 13076631
20100503 16.41 16.47 16.22 16.25 8531279
20100504 16.08 16.08 15.71 15.86 12450165
20100505 15.70 15.96 15.57 15.68 6116898
20100506 15.57 15.74 14.54 15.36 16830156
20100507 15.30 15.40 14.58 14.76 17175900
20100510 15.38 15.50 15.24 15.38 12708577
20100511 15.31 15.31 14.81 14.98 10287132
20100512 15.02 15.28 14.94 15.22 8425785
20100513 15.15 15.40 15.15 15.17 9526023
20100514 15.11 15.17 14.74 14.84 12508686
20100517 14.87 15.09 14.58 14.82 10113699
20100518 14.98 15.07 14.41 14.44 10841512
20100519 14.50 14.60 14.29 14.32 15969270
20100520 14.04 14.23 13.72 13.80 12487834
20100521 13.56 14.20 13.56 14.18 12567768
20100524 14.09 14.17 13.90 13.90 6473853
20100525 13.60 14.00 13.51 14.00 10357088
20100526 14.04 14.33 13.92 13.97 11925495
20100527 14.19 14.52 14.11 14.50 8186095
20100528 14.51 14.56 14.18 14.24 6100754
20100601 14.15 14.36 13.99 14.00 9425686
20100602 14.09 14.15 13.97 14.06 9963809
20100603 14.11 14.41 14.08 14.41 7698757
20100604 14.06 14.27 13.91 13.94 11239051
20100607 14.03 14.11 13.62 13.66 10417179
20100608 13.73 13.77 13.47 13.77 9967061
20100609 13.83 14.08 13.69 13.83 7490571
20100610 14.02 14.34 14.02 14.33 7387094
20100611 14.16 14.36 14.16 14.35 5839988
20100614 14.49 14.55 14.19 14.21 5879563
20100615 14.36 14.61 14.33 14.61 9927038
20100616 14.56 14.64 14.41 14.53 5409110
20100617 14.60 14.63 14.42 14.57 3413952
20100618 14.53 14.64 14.46 14.50 5290597
20100621 14.68 14.77 14.25 14.32 4963098
20100622 14.32 14.40 14.11 14.13 5349463
20100623 14.06 14.23 13.89 14.15 5066642
20100624 14.08 14.15 13.86 13.90 7821349
20100625 13.97 14.36 13.81 14.32 13953594
20100628 14.40 14.41 14.09 14.09 5189399
20100629 13.90 13.90 13.28 13.38 12316430
20100630 13.44 13.54 13.31 13.35 9005129
20100701 13.35 13.53 13.12 13.46 9964284
20100702 13.56 13.63 13.28 13.34 6566641
20100706 13.58 13.82 13.37 13.48 5543371
20100707 13.55 14.19 13.55 14.14 10836872
20100708 14.20 14.28 13.87 13.99 9551558
20100709 14.03 14.22 13.92 14.21 4643305
20100712 14.14 14.30 14.07 14.23 4048957
20100713 14.32 14.40 14.14 14.32 9550218
20100714 14.35 14.35 14.15 14.29 4228345
20100715 14.27 14.35 14.04 14.31 7083581
20100716 14.17 14.18 13.63 13.73 10792416
20100719 13.75 13.88 13.63 13.76 5772018
20100720 13.55 14.06 13.55 14.05 4636380
20100721 14.14 14.15 13.74 13.82 6281028
20100722 13.98 14.49 13.96 14.36 11229827
20100723 14.35 14.63 14.26 14.60 5347787
20100726 14.66 14.96 14.59 14.93 10185223
20100727 15.22 15.41 14.83 14.94 10730088
20100728 14.88 14.90 14.71 14.75 6295437
20100729 14.83 14.92 14.46 14.69 9369490
20100730 14.16 14.72 14.16 14.53 8290818
20100802 14.72 14.85 14.39 14.57 9071813
20100803 14.55 14.57 14.32 14.35 6842647
20100804 14.36 14.46 14.17 14.44 5678638
20100805 14.38 14.58 14.38 14.52 3343693
20100806 14.36 14.61 14.30 14.58 5362531
20100809 14.66 14.84 14.62 14.81 4773769
20100810 14.59 14.92 14.58 14.77 5432678
20100811 14.53 14.53 14.32 14.37 5331367
20100812 14.16 14.47 14.13 14.38 5819490
20100813 14.31 14.48 14.28 14.31 3959375
20100816 14.22 14.53 14.16 14.41 3223394
20100817 14.54 14.72 14.47 14.49 4322619
20100818 14.46 14.67 14.38 14.56 3086340
20100819 14.46 14.51 14.28 14.38 5294954
20100820 14.28 14.41 14.22 14.27 4006847
20100823 14.32 14.40 14.18 14.18 2883049
20100824 13.98 14.15 13.89 13.94 4975608
20100825 13.85 14.26 13.80 14.19 4488714
20100826 14.28 14.33 14.10 14.12 3722910
20100827 14.23 14.35 13.95 14.35 4163225
20100830 14.32 14.47 14.26 14.30 5370685
20100831 14.26 14.37 13.94 14.04 6592666
20100901 14.19 14.56 14.08 14.54 6489345
20100902 14.60 14.76 14.48 14.74 3701575
20100903 14.85 14.94 14.65 14.75 4750089
20100907 14.75 14.75 14.48 14.49 3789147
20100908 14.49 14.65 14.48 14.53 3487896
20100909 14.73 14.75 14.49 14.60 4409967
20100910 14.66 14.71 14.48 14.65 3589318
20100913 14.78 15.00 14.69 15.00 5966261
20100914 14.93 15.34 14.83 15.29 10508032
20100915 15.25 15.35 15.17 15.34 6973893
20100916 15.32 15.37 15.16 15.35 4596392
20100917 15.39 15.40 15.09 15.20 6464772
20100920 15.22 15.67 15.22 15.65 6029371
20100921 15.64 15.70 15.42 15.50 5239104
20100922 15.50 15.63 15.34 15.34 6481526
20100923 15.28 15.46 15.17 15.17 8647806
20100924 15.36 15.75 15.36 15.71 6895816
20100927 15.74 15.99 15.69 15.80 8232400
20100928 15.78 15.89 15.54 15.54 9229420
20100929 15.55 15.66 15.49 15.58 8138238
20100930 15.77 15.93 15.64 15.87 9299780
20101001 16.03 16.29 15.78 15.88 6538543
20101004 15.83 15.98 15.60 15.64 5357731
20101005 15.78 16.16 15.63 16.14 6563365
20101006 16.16 16.17 15.78 15.87 4148758
20101007 15.96 16.01 15.76 15.79 3729774
20101008 15.83 15.97 15.72 15.94 2844055
20101011 16.03 16.12 15.93 16.04 2553749
20101012 15.97 16.01 15.65 15.94 5842834
20101013 16.01 16.03 15.60 15.86 10628971
20101014 15.90 16.08 15.87 15.95 3925129
20101015 16.13 16.13 15.93 16.07 4186047
20101018 16.04 16.19 16.00 16.19 4253615
20101019 15.97 16.08 15.80 15.88 4551266
20101020 15.89 16.17 15.89 16.13 3724431
20101021 16.14 16.33 16.02 16.13 3407188
20101022 16.12 16.16 16.00 16.08 3203262
20101025 16.16 16.35 16.13 16.27 3480878
20101026 16.17 16.27 16.04 16.09 5886915
20101027 16.13 16.57 16.04 16.41 12063243
20101028 16.51 16.71 16.40 16.40 8122642
20101029 16.40 16.40 15.79 15.80 14223500
20101101 16.00 16.17 15.80 15.82 11382117
20101102 16.02 16.15 15.67 15.68 13616175
20101103 15.72 15.89 15.57 15.67 15331735
20101104 15.83 16.33 15.78 16.33 22293936
20101105 16.36 16.40 16.15 16.39 10690750
20101108 16.28 16.40 16.22 16.35 7292245
20101109 16.37 16.68 16.34 16.62 9434469
20101110 16.59 16.88 16.46 16.86 9238669
20101111 16.66 16.80 16.50 16.73 8654163
20101112 16.65 16.68 16.21 16.27 6397843
20101115 16.34 16.51 16.23 16.25 5878789
20101116 16.04 16.14 15.74 15.83 8743324
20101117 15.87 15.92 15.67 15.73 4588111
20101118 15.88 16.20 15.83 16.02 9484337
20101119 16.09 16.30 15.93 16.25 6167535
20101122 16.14 16.38 16.10 16.37 6310128
20101123 16.14 16.26 16.04 16.13 6073810
20101124 16.22 16.42 16.17 16.41 4282668
20101126 16.28 16.38 16.21 16.31 2505885
20101129 16.15 16.21 15.78 16.04 5078224
20101130 15.82 15.96 15.81 15.85 5239850
20101201 16.01 16.30 16.01 16.20 5235843
20101202 16.20 16.38 16.18 16.38 5080895
20101203 16.29 16.46 16.27 16.40 7637650
20101206 16.39 16.54 16.32 16.49 5064309
20101207 16.66 16.70 16.45 16.48 5195103
20101208 16.52 16.76 16.40 16.75 9304232
20101209 16.81 16.94 16.66 16.71 5029691
20101210 16.77 16.89 16.74 16.81 3131688
20101213 16.80 16.97 16.79 16.85 3904091
20101214 16.89 17.04 16.84 16.90 4098444
20101215 16.79 16.85 16.62 16.66 7245048
20101216 16.78 16.81 16.48 16.49 8398943
20101217 16.48 16.61 16.41 16.48 4711188
20101220 16.56 16.61 16.39 16.55 4117022
20101221 16.64 16.64 16.47 16.58 4695442
20101222 16.59 16.66 16.45 16.66 4770184
20101223 16.61 16.67 16.41 16.47 2207552
20101227 16.41 16.68 16.41 16.66 1804787
20101228 16.73 16.76 16.48 16.48 3496131
20101229 16.53 16.69 16.48 16.59 3328461
20101230 16.61 16.82 16.57 16.73 2932017
20101231 16.71 16.87 16.66 16.75 2768782
20110103 16.84 17.03 16.76 16.90 6953006
20110104 16.91 17.05 16.76 16.78 4899263
20110105 16.69 17.10 16.58 17.08 9099677
20110106 17.00 17.50 16.97 17.47 7516565
20110107 17.46 17.57 17.19 17.30 4789923
20110110 17.21 17.31 16.98 17.15 5219967
20110111 17.21 17.41 17.16 17.35 3517312
20110112 17.44 17.46 17.22 17.27 6322800
20110113 17.29 17.29 17.09 17.23 3668570
20110114 17.24 17.37 17.16 17.37 4776726
20110118 17.39 17.49 17.35 17.40 3895014
20110119 17.37 17.45 17.19 17.21 4350120
20110120 17.25 17.33 17.11 17.30 7472984
20110121 17.41 17.51 17.30 17.41 3836019
20110124 17.36 18.00 17.27 17.76 11397718
20110125 17.73 17.78 17.58 17.76 5028676
20110126 17.77 18.22 17.77 18.16 8283392
20110127 18.13 18.35 18.04 18.34 6639511
20110128 18.34 18.51 17.79 17.81 8914042
20110131 17.83 18.30 17.52 18.29 12114864
20110201 18.43 18.49 18.22 18.30 8793723
20110202 18.30 18.77 18.20 18.73 12166873
20110203 18.66 18.70 18.45 18.65 9020610
20110204 18.66 18.94 18.65 18.90 5624949
20110207 18.90 19.41 18.88 19.09 13048918
20110208 19.05 19.30 19.03 19.28 7743453
20110209 19.27 19.46 18.92 18.95 6306609
20110210 18.88 19.23 18.82 19.15 6287203
20110211 19.11 19.34 18.96 19.30 4570354
20110214 19.31 19.41 19.26 19.36 3271905
20110215 19.25 19.32 19.15 19.22 4180453
20110216 19.24 19.39 19.14 19.37 3304840
20110217 19.26 19.53 19.17 19.39 4668605
20110218 19.42 19.57 19.32 19.53 4866993
20110222 19.29 19.48 19.04 19.04 5690487
20110223 19.02 19.13 18.74 18.89 7672481
20110224 18.94 19.04 18.84 18.94 10081526
20110225 19.02 19.65 18.99 19.59 5631270
20110228 19.54 19.84 19.51 19.83 7532091
20110301 19.78 19.87 19.35 19.39 6328455
20110302 19.37 19.63 19.25 19.51 4274269
20110303 19.71 19.87 19.65 19.74 6780678
20110304 19.71 19.84 19.52 19.59 8441082
20110307 19.69 19.78 19.32 19.49 7311967
20110308 19.49 19.66 19.33 19.58 7303983
20110309 19.56 19.72 19.42 19.48 4916230
20110310 19.32 19.38 19.01 19.07 5715216
20110311 19.11 19.23 18.94 19.08 7377505
20110314 18.89 19.01 18.69 18.89 5856050
20110315 18.35 18.88 18.32 18.75 10241766
20110316 18.72 19.00 18.37 18.48 10009894
20110317 18.78 18.87 18.57 18.63 6568195
20110318 18.86 19.17 18.86 19.08 7848126
20110321 19.27 19.44 19.13 19.30 4621830
20110322 19.33 19.49 19.29 19.36 3176120
20110323 19.26 19.53 19.16 19.44 3806193
20110324 19.53 19.71 19.36 19.65 4106144
20110325 19.64 19.90 19.58 19.69 3711810
20110328 19.63 19.88 19.59 19.76 3762317
20110329 19.69 19.71 19.06 19.17 10284204
20110330 19.23 19.26 19.06 19.11 7977324
20110331 19.12 19.15 18.77 18.79 9127282
20110401 19.10 19.10 18.43 18.79 11497823
20110404 18.83 18.89 18.76 18.83 5632534
20110405 18.81 18.87 18.68 18.71 6987729
20110406 18.77 19.02 18.67 18.99 6546644
20110407 18.96 19.09 18.87 18.97 4930954
20110408 19.04 19.09 18.70 18.78 3467008
20110411 18.76 18.90 18.76 18.85 3002935
20110412 18.74 18.92 18.64 18.71 2336611
20110413 18.77 18.98 18.72 18.91 3867864
20110414 18.77 19.00 18.64 18.96 3442362
20110415 18.94 19.08 18.70 19.05 6057704
20110418 18.87 19.07 18.79 19.01 6089976
20110419 19.00 19.31 18.99 19.15 4799767
20110420 19.37 19.57 19.18 19.27 6412583
20110421 19.33 19.44 19.22 19.33 6306595
20110425 19.28 19.43 19.22 19.30 4749812
20110426 19.43 19.80 19.40 19.48 5636513
20110427 19.12 19.33 18.80 19.27 7725559
20110428 19.23 19.46 19.18 19.41 4502137
20110429 19.41 19.54 19.20 19.23 6713750
20110502 19.30 19.44 19.20 19.22 3452419
20110503 19.17 19.21 18.93 18.96 5292244
20110504 18.98 19.05 18.74 18.77 4835797
20110505 18.69 18.87 18.59 18.68 4299223
20110506 18.93 19.05 18.68 18.75 3274372
20110509 18.74 19.03 18.69 18.86 4309280
20110510 18.93 19.05 18.82 19.03 3235248
20110511 18.97 19.18 18.77 18.88 4362108
20110512 18.87 19.06 18.78 19.00 3094556
20110513 18.98 19.06 18.69 18.73 3160094
20110516 18.71 18.82 18.59 18.62 3718441
20110517 18.58 18.70 18.48 18.60 4177098
20110518 18.64 18.80 18.57 18.70 3043496
20110519 18.85 18.86 18.63 18.75 4228932
20110520 18.76 18.85 18.59 18.64 2879484
20110523 18.43 18.45 18.23 18.32 3385113
20110524 18.32 18.53 18.23 18.46 4653549
20110525 18.32 18.74 18.30 18.61 4340889
20110526 18.55 18.57 18.31 18.46 4755449
20110527 18.57 18.59 18.24 18.44 5279755
20110531 18.64 18.68 18.42 18.60 5233115
20110601 18.57 18.59 18.30 18.30 6467954
20110602 18.30 18.46 18.17 18.41 5229026
20110603 18.14 18.25 17.87 17.92 5428183
20110606 17.87 18.11 17.87 18.08 6542444
20110607 18.17 18.34 17.94 18.21 6339972
20110608 18.15 18.17 17.86 17.92 5099939
20110609 17.93 18.12 17.84 18.10 3589685
20110610 17.98 18.07 17.69 17.76 4476165
20110613 17.80 18.03 17.79 17.88 5200070
20110614 18.03 18.22 17.96 18.20 5776984
20110615 18.09 18.10 17.88 17.96 5501808
20110616 17.94 17.94 17.74 17.84 4601573
20110617 17.99 18.09 17.88 17.92 7926545
20110620 17.87 18.11 17.83 17.99 3513650
20110621 18.06 18.20 17.97 18.14 4345746
20110622 18.03 18.07 17.80 17.80 7108099
20110623 17.61 17.71 17.48 17.64 8669366
20110624 17.62 17.72 17.46 17.47 9531734
20110627 17.52 17.68 17.47 17.58 3993710
20110628 17.67 17.90 17.66 17.82 6516197
20110629 17.92 18.10 17.81 18.09 6230099
20110630 18.20 18.32 18.09 18.20 5016135
20110701 18.17 18.43 18.02 18.39 4991807
20110705 18.26 18.29 17.55 17.57 12301572
20110706 17.51 17.80 17.44 17.75 6920192
20110707 17.91 17.98 17.78 17.88 6540525
20110708 17.73 18.06 17.71 17.96 6221843
20110711 17.72 17.88 17.61 17.67 5363548
20110712 17.67 17.70 17.43 17.44 5071615
20110713 17.56 17.64 17.35 17.39 4368203
20110714 17.45 17.62 17.22 17.26 5260733
20110715 17.32 17.41 17.19 17.34 5850763
20110718 17.26 17.42 17.10 17.38 6172307
20110719 17.44 17.65 17.38 17.64 4839786
20110720 17.64 17.66 17.43 17.46 3264538
20110721 17.59 17.77 17.51 17.61 6699041
20110722 17.63 17.78 17.55 17.60 3171080
20110725 17.42 17.60 17.38 17.48 3649159
20110726 18.17 18.66 17.88 18.43 11487969
20110727 18.35 18.44 17.73 17.77 7532788
20110728 17.73 17.87 17.55 17.59 4308099
20110729 17.42 17.78 17.29 17.63 6300771
20110801 17.72 17.78 17.23 17.33 7249332
20110802 17.21 17.41 16.76 16.79 8451958
20110803 16.75 17.22 16.42 17.16 11209797
20110804 16.97 16.97 16.21 16.22 8780217
20110805 16.42 16.46 15.74 16.21 10839487
20110808 15.76 15.90 14.93 14.96 13364617
20110809 15.18 15.33 14.43 15.23 20283708
20110810 14.81 15.51 14.72 14.91 14182843
20110811 14.99 15.79 14.94 15.62 9090202
20110812 15.70 15.82 15.33 15.38 8558405
20110815 15.52 15.59 15.21 15.57 7915427
20110816 15.36 15.55 15.25 15.46 5815757
20110817 15.46 15.64 15.17 15.34 4603224
20110818 14.86 15.08 14.42 14.57 10949017
20110819 14.38 14.87 14.34 14.36 9330948
20110822 14.72 14.73 14.38 14.45 9065875
20110823 14.49 15.01 14.45 15.01 7235241
20110824 14.93 15.17 14.77 14.99 9925381
20110825 15.06 15.26 14.57 14.62 8932898
20110826 14.53 14.85 14.24 14.77 6535241
20110829 14.98 15.03 14.86 14.98 8393835
20110830 14.90 15.06 14.77 14.95 7852131
20110831 15.07 15.15 14.88 15.01 10647947
20110901 15.04 15.23 15.02 15.03 8719452
20110902 14.69 14.81 14.52 14.53 5128306
20110906 14.08 14.35 13.89 14.21 7647492
20110907 14.43 14.68 14.37 14.68 7586067
20110908 14.57 14.82 14.52 14.57 6924045
20110909 14.43 14.68 14.09 14.13 8173015
20110912 13.93 14.35 13.86 14.34 7332882
20110913 14.37 14.59 14.26 14.56 6996367
20110914 14.64 14.98 14.49 14.83 6898066
20110915 14.96 15.13 14.82 14.98 5621245
20110916 15.07 15.20 14.83 14.97 5493883
20110919 14.74 14.89 14.61 14.77 4030146
20110920 14.83 15.30 14.74 14.74 5886098
20110921 14.83 15.11 14.55 14.57 11078581
20110922 14.16 14.36 13.75 13.93 11315555
20110923 13.88 13.96 13.69 13.79 8301586
20110926 13.92 14.19 13.85 14.15 9057789
20110927 14.41 14.76 14.26 14.60 11842729
20110928 14.59 14.81 14.41 14.43 13283063
20110929 14.72 14.74 14.15 14.45 10431639
20110930 13.79 14.32 13.74 13.96 9223181
20111003 13.82 14.17 13.59 13.59 9147605
20111004 13.39 13.82 13.28 13.80 10405461
20111005 13.80 13.98 13.62 13.95 5731766
20111006 13.94 14.34 13.93 14.31 9750683
20111007 14.32 14.64 14.23 14.44 8734891
20111010 14.75 14.95 14.70 14.95 4812800
20111011 14.78 15.11 14.78 15.00 5112258
20111012 15.14 15.34 15.11 15.20 6196945
20111013 15.05 15.13 14.93 15.03 4534043
20111014 15.25 15.29 15.09 15.29 5979526
20111017 15.24 15.39 15.04 15.12 5913588
20111018 15.18 15.63 15.01 15.54 7294557
20111019 15.48 15.51 14.99 15.10 7072208
20111020 15.21 15.34 14.93 15.25 5481487
20111021 15.47 15.69 15.42 15.69 6222247
20111024 15.73 16.07 15.65 16.05 5734176
20111025 15.86 16.00 15.56 15.58 6885239
20111026 15.83 15.97 15.25 15.75 8236963
20111027 16.37 16.52 16.06 16.42 8467854
20111028 16.42 16.58 16.30 16.44 6028924
20111031 16.16 16.29 15.93 15.95 5612158
20111101 15.48 15.79 15.34 15.48 7498175
20111102 15.76 15.86 15.58 15.79 5948966
20111103 15.96 16.05 15.67 16.03 5502955
20111104 15.89 15.93 15.61 15.85 4981478
20111107 15.83 15.94 15.61 15.87 4628897
20111108 15.96 16.14 15.77 16.11 5243257
20111109 15.71 15.86 15.52 15.54 6987212
20111110 15.70 15.79 15.24 15.30 6941100
20111111 15.57 15.90 15.55 15.79 4178395
20111114 15.78 15.79 15.43 15.47 3080016
20111115 15.44 15.64 15.37 15.58 3978829
20111116 15.47 15.48 15.00 15.01 6323234
20111117 14.98 15.16 14.66 14.77 5776236
20111118 14.85 14.92 14.70 14.79 4231737
20111121 14.55 14.99 14.48 14.89 9078710
20111122 14.94 15.23 14.92 15.02 9070823
20111123 14.92 15.08 14.78 14.79 9148700
20111125 14.74 15.00 14.74 14.88 2414615
20111128 15.26 15.30 15.01 15.24 4945990
20111129 15.27 15.38 15.18 15.27 5225075
20111130 15.66 15.95 15.50 15.92 7149866
20111201 15.71 15.97 15.66 15.91 7328950
20111202 15.96 16.14 15.90 16.02 8209909
20111205 16.18 16.37 16.13 16.25 7039568
20111206 16.30 16.35 16.14 16.30 6039330
20111207 16.21 16.35 16.03 16.31 5269106
20111208 16.18 16.34 16.08 16.16 7596096
20111209 16.23 16.60 16.18 16.60 6971221
20111212 16.43 16.43 15.96 16.05 8530944
20111213 16.39 16.43 15.86 16.00 9891759
20111214 15.89 15.90 15.75 15.86 7515700
20111215 16.09 16.09 15.79 15.91 7928095
20111216 16.13 16.59 16.11 16.31 12651677
20111219 16.41 16.45 16.05 16.10 5409469
20111220 16.35 16.80 16.35 16.77 7284074
20111221 16.72 16.78 16.49 16.64 4464644
20111222 16.75 16.88 16.68 16.79 5608443
20111223 16.83 16.94 16.72 16.94 2574884
20111227 16.89 16.92 16.81 16.83 2122423
20111228 16.88 16.91 16.59 16.67 3169734
20111229 16.75 16.94 16.69 16.91 3147601
20111230 16.87 16.95 16.71 16.75 2667120
20120103 17.22 17.25 16.99 17.01 5889623
20120104 16.94 17.03 16.70 16.78 5020135
20120105 16.73 16.89 16.56 16.87 3520145
20120106 16.80 16.89 16.67 16.79 4046308
20120109 16.78 16.89 16.70 16.85 4503566
20120110 17.03 17.28 16.95 17.06 8748739
20120111 17.00 17.25 16.89 17.23 3683358
20120112 17.28 17.43 17.22 17.40 4485468
20120113 17.24 17.33 17.22 17.27 6213977
20120117 17.40 17.48 16.94 16.97 7167525
20120118 16.99 17.31 16.84 17.25 4175178
20120119 17.28 17.56 17.12 17.56 5930072
20120120 17.51 17.61 17.37 17.47 5678547
20120123 17.43 17.58 17.30 17.34 3452985
20120124 17.24 17.65 17.22 17.57 3889419
20120125 17.55 17.95 17.45 17.89 5168847
20120126 17.92 17.92 17.54 17.56 4446327
20120127 17.46 17.65 17.43 17.57 2935108
20120130 17.43 17.51 17.31 17.49 3109660
20120131 17.54 17.56 17.34 17.52 3520472
20120201 17.61 17.70 17.50 17.61 5819955
20120202 17.64 17.70 17.47 17.59 3833052
20120203 17.76 18.11 17.70 18.10 6487198
20120206 17.89 17.92 17.58 17.88 6635257
20120207 17.88 18.18 17.78 18.07 6973021
20120208 16.56 16.88 16.20 16.26 40803680
20120209 16.32 16.37 16.19 16.27 9269778
20120210 16.17 16.25 16.01 16.13 11568388
20120213 16.27 16.37 16.15 16.18 12059771
20120214 16.19 16.27 15.97 16.22 11544620
20120215 16.28 16.29 16.09 16.17 16093214
20120216 16.19 16.34 16.14 16.34 11538296
20120217 16.42 16.51 16.34 16.48 6040080
20120221 16.53 16.54 16.19 16.24 4980231
20120222 16.29 16.54 16.16 16.52 7708188
20120223 16.55 16.59 16.37 16.38 7325614
20120224 16.41 16.46 16.31 16.40 6097755
20120227 16.22 16.51 16.16 16.46 6532990
20120228 16.50 16.50 16.27 16.31 10214930
20120229 16.34 16.43 15.99 16.02 9504730
20120301 16.09 16.18 16.00 16.00 9181575
20120302 16.04 16.05 15.80 15.86 9642431
20120305 15.86 15.90 15.67 15.72 8050859
20120306 15.58 15.73 15.58 15.66 7775349
20120307 15.72 15.89 15.67 15.82 6552287
20120308 15.96 16.09 15.90 15.94 7985879
20120309 15.95 16.26 15.91 16.21 10767150
20120312 16.16 16.41 16.11 16.31 9687132
20120313 16.38 16.62 16.34 16.61 9946288
20120314 16.67 16.83 16.55 16.65 8106263
20120315 16.63 16.77 16.56 16.60 9681565
20120316 16.59 16.75 16.56 16.65 6516974
20120319 16.62 16.67 16.49 16.60 8065279
20120320 16.54 16.57 16.38 16.43 6562187
20120321 16.42 16.43 16.24 16.24 8270093
20120322 16.22 16.47 16.19 16.34 4549066
20120323 16.35 16.57 16.29 16.54 5609026
20120326 16.59 16.81 16.55 16.81 5965960
20120327 16.83 16.88 16.71 16.71 4546464
20120328 16.69 16.72 16.43 16.50 5433595
20120329 16.41 16.51 16.37 16.48 4040880
20120330 16.60 16.60 16.20 16.23 7464389
20120402 16.18 16.79 16.17 16.72 8924869
20120403 16.74 16.77 16.53 16.66 7027329
20120404 16.52 16.57 16.33 16.43 4495613
20120405 16.78 16.79 16.45 16.53 7402587
20120409 16.35 16.40 16.21 16.28 4206119
20120410 16.21 16.32 15.94 15.97 5693489
20120411 16.08 16.22 16.05 16.20 3946550
20120412 16.23 16.44 16.20 16.43 3859268
20120413 16.36 16.41 16.20 16.20 3163941
20120416 16.26 16.40 16.23 16.35 5253718
20120417 16.44 16.69 16.42 16.63 5037194
20120418 16.53 16.55 16.36 16.36 6228890
20120419 16.40 16.69 16.37 16.65 8237999
20120420 16.68 16.78 16.57 16.60 5268898
20120423 16.44 16.63 16.32 16.56 9941785
20120424 16.45 16.78 16.33 16.66 10273456
20120425 16.80 16.97 16.70 16.95 10165248
20120426 16.98 16.98 16.81 16.87 6245262
20120427 16.95 17.22 16.84 17.13 7523155
20120430 17.06 17.18 16.88 16.95 5174135
20120501 16.95 17.23 16.93 17.00 4825658
20120502 16.88 16.91 16.65 16.67 10366918
20120503 16.69 16.72 16.46 16.49 5895809
20120504 16.38 16.44 16.25 16.32 5939179
20120507 16.33 16.45 16.20 16.23 8094770
20120508 16.14 16.24 16.00 16.16 7686660
20120509 16.02 16.03 15.86 15.87 9786087
20120510 16.08 16.08 15.85 15.94 8018873
20120511 15.82 16.01 15.77 15.79 8009874
20120514 15.68 16.07 15.68 15.97 8100300
20120515 15.95 16.13 15.81 15.84 5394454
20120516 15.93 16.05 15.76 15.76 5566524
20120517 15.78 15.79 15.49 15.49 5839103
20120518 15.52 15.61 15.24 15.25 5827827
20120521 15.26 15.62 15.17 15.61 6447257
20120522 15.70 15.82 15.53 15.62 3747808
20120523 15.51 15.75 15.46 15.72 4737617
20120524 15.75 15.85 15.57 15.71 4510142
20120525 15.73 15.75 15.55 15.59 3821428
20120529 15.71 15.76 15.51 15.70 5790204
20120530 15.52 15.68 15.33 15.34 5590377
20120531 15.32 15.37 15.04 15.13 9197558
20120601 14.97 14.97 14.69 14.73 7792591
20120604 14.73 14.85 14.56 14.70 5152775
20120605 14.64 14.88 14.58 14.80 6884534
20120606 14.86 15.09 14.81 15.09 10497244
20120607 15.25 15.37 15.21 15.27 9525217
20120608 15.22 15.29 14.91 14.94 8989165
20120611 15.08 15.09 14.78 14.78 4891255
20120612 14.89 15.01 14.77 15.01 5028846
20120613 14.84 15.02 14.72 14.77 5049014
20120614 14.77 14.96 14.74 14.92 5058928
20120615 14.99 15.08 14.88 15.07 8940273
20120618 15.02 15.21 14.93 15.19 6780582
20120619 15.27 15.45 15.24 15.40 5414530
20120620 15.45 15.71 15.33 15.71 10070658
20120621 15.74 15.76 15.49 15.50 9200294
20120622 15.57 15.60 15.52 15.53 6239312
20120625 15.37 15.45 15.21 15.22 4556775
20120626 15.21 15.32 15.04 15.05 5142118
20120627 15.07 15.35 15.07 15.31 4324448
20120628 15.15 15.27 15.08 15.25 5150630
20120629 15.52 15.63 15.39 15.63 5090825
20120702 15.73 15.80 15.58 15.76 3493631
20120703 15.69 15.91 15.69 15.90 1675749
20120705 15.76 15.88 15.69 15.74 3542769
20120706 15.64 15.67 15.48 15.62 2730703
20120709 15.61 15.71 15.46 15.68 3991043
20120710 15.73 15.85 15.43 15.51 4374771
20120711 15.52 15.63 15.44 15.60 5392332
20120712 15.44 15.49 15.15 15.28 6532846
20120713 15.30 15.51 15.21 15.49 4334361
20120716 15.48 15.61 15.38 15.54 4001065
20120717 15.60 15.71 15.47 15.67 3486735
20120718 15.66 15.81 15.64 15.80 7043836
20120719 15.92 15.92 15.69 15.74 5622504
20120720 15.65 15.67 15.45 15.55 7638338
20120723 15.37 15.75 15.22 15.73 10899750
20120724 15.73 16.25 15.61 16.03 17186152
20120725 16.00 16.22 15.74 15.78 7481765
20120726 16.01 16.12 15.85 16.03 5280048
20120727 16.10 16.40 15.98 16.35 5995671
20120730 16.35 16.37 16.21 16.30 3378869
20120731 16.31 16.31 16.12 16.18 4450094
20120801 16.21 16.24 15.83 15.88 8310857
20120802 15.78 15.84 15.55 15.77 7673144
20120803 15.99 16.08 15.87 16.02 4666365
20120806 16.03 16.24 16.03 16.10 5035221
20120807 16.18 16.49 16.17 16.33 4982959
20120808 16.33 16.43 16.18 16.39 4375848
20120809 16.40 16.55 16.28 16.36 4182745
20120810 16.31 16.43 16.26 16.38 3834255
20120813 16.22 16.29 16.01 16.26 3452899
20120814 16.31 16.50 16.27 16.36 5080264
20120815 16.33 16.44 16.30 16.32 3731669
20120816 16.37 16.52 16.31 16.45 2843418
20120817 16.53 16.54 16.35 16.42 4532637
20120820 16.40 16.64 16.36 16.54 4129836
20120821 16.56 16.64 16.41 16.47 3292016
20120822 16.43 16.44 16.10 16.22 4918519
20120823 16.21 16.25 16.06 16.11 2513139
20120824 16.10 16.19 16.02 16.17 2505272
20120827 16.19 16.30 16.12 16.13 2787276
20120828 16.11 16.22 16.05 16.08 3799988
20120829 16.10 16.31 16.05 16.27 3513028
20120830 16.15 16.23 16.07 16.16 3336520
20120831 16.22 16.40 16.09 16.34 4892765
20120904 16.34 16.45 16.24 16.39 3923156
20120905 16.38 16.46 16.31 16.41 4889209
20120906 16.49 16.80 16.47 16.78 5095027
20120907 16.80 16.88 16.68 16.84 5204941
20120910 16.84 17.00 16.78 16.93 4998260
20120911 16.90 17.06 16.83 17.01 3349451
20120912 17.04 17.17 17.01 17.16 5060976
20120913 17.10 17.46 17.03 17.38 5314531
20120914 17.43 17.73 17.33 17.73 7340710
20120917 17.63 17.76 17.56 17.59 5250091
20120918 17.66 17.66 17.36 17.54 5801383
20120919 17.59 17.59 17.32 17.34 6291575
20120920 17.18 17.47 17.07 17.44 5366160
20120921 17.52 17.61 17.41 17.42 4820498
20120924 17.36 17.48 17.33 17.37 2620593
20120925 17.39 17.47 17.12 17.12 4910102
20120926 17.18 17.32 16.99 17.02 6407752
20120927 17.06 17.20 16.93 17.19 4752116
20120928 17.13 17.16 16.97 17.00 4929288
20121001 17.09 17.15 16.82 16.92 5520180
20121002 16.98 17.06 16.92 17.00 4489628
20121003 17.05 17.08 16.91 17.04 3887052
20121004 17.13 17.35 17.09 17.19 5340651
20121005 17.27 17.34 17.14 17.22 3331530
20121008 17.20 17.28 17.08 17.12 2807197
20121009 17.12 17.19 17.02 17.06 3756291
20121010 17.05 17.10 16.72 16.78 5115462
20121011 16.85 16.99 16.73 16.73 4294129
20121012 16.73 16.86 16.64 16.68 4668836
20121015 16.70 16.77 16.60 16.64 4631644
20121016 16.67 16.95 16.66 16.94 4626285
20121017 17.01 17.19 16.92 17.17 4246004
20121018 17.14 17.22 17.02 17.09 3294338
20121019 17.05 17.12 16.56 16.73 5515464
20121022 16.75 16.95 16.69 16.93 4608493
20121023 16.72 16.88 16.63 16.81 4206990
20121024 16.90 17.27 16.74 16.78 4703349
20121025 16.92 16.96 16.62 16.62 5704104
20121026 16.65 16.87 16.64 16.73 6135082
20121031 13.62 13.71 11.64 11.88 67246024
20121101 12.13 12.20 11.43 11.45 54706088
20121102 11.56 11.66 11.13 11.15 27250524
20121105 11.31 11.49 11.29 11.40 19529904
20121106 11.67 11.75 11.54 11.58 20701720
20121107 11.63 11.72 11.48 11.71 18789920
20121108 11.73 11.81 11.46 11.56 15117982
20121109 11.55 11.74 11.46 11.52 12459232
20121112 11.58 11.68 11.49 11.51 9656966
20121113 11.66 11.95 11.51 11.76 23535820
20121114 11.86 11.90 11.58 11.82 20138266
20121115 11.85 11.91 11.57 11.84 12219252
20121116 11.89 11.94 11.71 11.86 12460625
20121119 12.00 12.00 11.83 11.89 11880451
20121120 11.63 11.71 11.46 11.65 18522502
20121121 11.66 11.75 11.62 11.72 8415051
20121123 11.76 11.94 11.72 11.94 4596488
20121126 11.91 12.04 11.79 11.90 8318588
20121127 11.88 11.96 11.74 11.75 9554179
20121128 11.68 11.88 11.67 11.85 7668531
20121129 11.86 11.95 11.77 11.82 8601012
20121130 11.85 11.97 11.67 11.77 10404344
20121203 11.87 11.97 11.76 11.77 7853634
20121204 11.79 11.95 11.66 11.95 14416370
20121205 11.98 12.05 11.83 12.02 9483439
20121206 12.04 12.10 11.93 12.06 9417522
20121207 12.08 12.22 11.99 12.13 8363068
20121210 12.09 12.19 11.99 12.10 7782036
20121211 12.18 12.43 12.14 12.33 11173694
20121212 12.39 12.41 12.29 12.34 14841882
20121213 12.32 12.51 12.32 12.48 10078628
20121214 12.46 12.53 12.29 12.35 8805661
20121217 12.44 12.50 12.34 12.46 7916389
20121218 12.45 12.64 12.41 12.63 10171738
20121219 12.65 12.97 12.56 12.90 11996784
20121220 12.96 12.97 12.73 12.95 11155076
20121221 12.73 12.89 12.69 12.80 14047227
20121224 12.84 13.19 12.59 12.66 2199717
20121226 12.68 12.79 12.64 12.64 4565163
20121227 12.75 12.92 12.62 12.90 7585354
20121228 12.81 12.85 12.59 12.60 5506776
20121231 12.60 12.83 12.43 12.82 6677821
20130102 13.05 13.12 12.82 12.96 7077760
20130103 12.95 12.98 12.67 12.74 10753650
20130104 12.78 13.22 12.75 13.21 10355198
20130107 13.37 13.37 12.86 12.88 11502779
20130108 12.85 12.94 12.74 12.88 8160047
20130109 12.61 12.65 12.46 12.58 12198505
20130110 12.68 13.05 12.60 13.05 14606631
20130111 13.06 13.16 12.87 13.00 8373765
20130114 13.03 13.08 12.87 13.00 6934432
20130115 12.99 13.06 12.86 12.89 11538983
20130116 12.89 12.97 12.71 12.74 8751727
20130117 12.79 12.79 12.47 12.65 9950906
20130118 12.67 12.73 12.58 12.63 18199286
20130122 12.68 13.05 12.63 12.99 12182155
20130123 13.01 13.16 12.80 12.80 8740791
20130124 12.95 12.95 12.59 12.70 9576660
20130125 12.73 12.81 12.71 12.74 7301883
20130128 13.05 13.28 12.88 13.21 17706556
20130129 13.14 13.37 13.11 13.24 11587608
20130130 13.23 13.34 13.16 13.33 10054315
20130131 13.28 13.50 13.25 13.40 9384813
20130201 13.55 13.59 13.47 13.54 6501580
20130204 13.72 13.91 13.67 13.72 17383058
20130205 13.72 13.99 13.70 13.98 15299809
20130206 13.86 13.94 13.81 13.92 11163251
20130207 13.95 14.01 13.70 13.75 8469954
20130208 13.80 13.97 13.76 13.81 8208566
20130211 13.81 13.84 13.40 13.42 16440171
20130212 13.35 13.57 13.29 13.51 12716610
20130213 13.12 13.68 13.02 13.35 25075324
20130214 13.51 13.61 13.27 13.32 16827370
20130215 13.37 13.67 13.34 13.56 13158273
20130219 13.61 13.63 13.37 13.42 11567861
20130220 13.42 13.44 13.09 13.19 12883614
20130221 13.11 13.23 13.04 13.09 9438110
20130222 13.22 13.27 13.17 13.21 7003760
20130225 13.27 13.33 13.01 13.02 11689955
20130226 13.05 13.31 13.00 13.19 11218034
20130227 13.17 13.40 13.16 13.36 7115131
20130228 13.37 13.48 13.21 13.21 10812893
20130301 13.15 13.48 13.11 13.43 21932402
20130304 13.41 13.42 13.12 13.27 9875951
20130305 13.31 13.54 13.25 13.44 8921491
20130306 13.50 13.68 13.46 13.59 7244445
20130307 13.60 13.82 13.40 13.56 10157936
20130308 13.62 13.80 13.54 13.78 11908876
20130311 13.73 13.89 13.59 13.72 14744651
20130312 13.66 13.77 13.50 13.66 17307360
20130313 13.63 13.84 13.61 13.80 8671755
20130314 13.81 14.00 13.76 13.82 7412288
20130315 13.78 14.00 13.75 13.94 14000439
20130318 13.85 14.02 13.80 13.94 7794570
20130319 13.98 14.03 13.70 13.84 7898245
20130320 13.96 14.06 13.76 13.77 8839424
20130321 13.69 13.89 13.61 13.77 9240862
20130322 13.81 14.01 13.76 13.91 6753399
20130325 13.98 13.98 13.78 13.93 8167905
20130326 13.95 14.12 13.85 14.08 6217658
20130327 14.03 14.23 14.01 14.14 7145470
20130328 14.18 14.30 14.08 14.29 7379239
20130401 14.30 14.38 13.90 13.93 11379619
20130402 13.93 14.11 13.86 14.10 6501211
20130403 14.14 14.20 13.77 13.99 8159801
20130404 13.99 14.01 13.89 13.95 3522318
20130405 13.83 13.83 13.54 13.61 9205392
20130408 13.67 13.79 13.53 13.73 5687073
20130409 13.76 14.08 13.74 14.06 9016251
20130410 14.07 14.31 14.07 14.26 6583415
20130411 14.27 14.41 14.20 14.37 5632236
20130412 14.26 14.34 14.11 14.29 5519720
20130415 14.25 14.25 13.97 14.09 10029213
20130416 14.20 14.30 14.08 14.25 7924243
20130417 14.27 14.27 13.83 13.95 7371871
20130418 13.97 14.02 13.78 13.79 4826308
20130419 13.85 13.85 13.62 13.75 5746542
20130422 13.75 13.83 13.54 13.75 8057599
20130423 13.61 13.89 13.61 13.87 12528780
20130424 13.92 13.99 13.74 13.84 10241510
20130425 13.90 14.03 13.84 13.95 8783429
20130426 13.98 13.98 13.83 13.85 9015093
20130429 13.90 13.97 13.81 13.91 7978869
20130430 13.93 14.25 13.78 14.07 13577740
20130501 13.89 15.00 13.81 14.86 20582696
20130502 14.87 14.92 14.37 14.75 9115821
20130503 14.82 14.97 14.79 14.86 4815361
20130506 14.83 15.01 14.75 14.94 5824640
20130507 14.96 15.04 14.82 14.95 4150368
20130508 14.88 15.00 14.70 15.00 7552592
20130509 14.95 15.32 14.94 15.30 9035828
20130510 15.33 15.42 15.00 15.19 5881793
20130513 15.65 15.65 15.25 15.40 7889825
20130514 15.42 15.58 15.32 15.55 5439306
20130515 15.60 15.72 15.56 15.70 5204379
20130516 15.68 15.78 15.53 15.60 6039042
20130517 15.60 15.91 15.57 15.82 8031391
20130520 15.84 15.87 15.68 15.79 6441006
20130521 15.78 15.89 15.72 15.78 4076585
20130522 15.78 16.01 15.77 15.88 9493156
20130523 15.75 15.88 15.60 15.65 6422587
20130524 15.59 15.64 15.51 15.63 3891864
20130528 15.77 15.86 15.57 15.59 6171767
20130529 15.50 15.62 15.41 15.55 5437201
20130530 15.55 15.75 15.53 15.64 3278340
20130531 15.60 15.76 15.55 15.56 6163978
20130603 15.58 15.62 15.35 15.61 5323948
20130604 15.61 15.75 15.50 15.54 4487917
20130605 15.50 15.65 15.32 15.32 4618958
20130606 15.29 15.63 15.26 15.63 4713686
20130607 15.70 15.86 15.62 15.82 3164876
20130610 15.98 16.07 15.91 15.95 4699056
20130611 15.82 15.97 15.74 15.83 6113562
20130612 15.97 15.97 15.79 15.83 7502924
20130613 15.82 16.43 15.77 16.17 6886795
20130614 16.20 16.36 16.07 16.29 6148756
20130617 16.36 16.41 16.11 16.22 6520021
20130618 16.25 16.40 16.24 16.40 5814889
20130619 16.42 16.49 16.09 16.11 5661849
20130620 15.96 16.04 15.72 15.78 7505222
20130621 15.88 16.00 15.75 15.87 11890833
20130624 15.77 15.79 15.55 15.68 6549793
20130625 15.74 15.93 15.69 15.82 5380631
20130626 15.94 16.17 15.86 16.15 7550768
20130627 16.27 16.38 16.20 16.23 5122919
20130628 16.14 16.46 16.02 16.38 7653039
20130701 16.44 16.56 16.38 16.39 4504178
20130702 16.40 16.45 15.92 16.08 6155964
20130703 15.99 16.22 15.98 16.20 2292673
20130705 16.28 16.33 16.18 16.31 4259001
20130708 16.39 16.46 16.34 16.46 3416498
20130709 16.52 16.61 16.36 16.47 4136882
20130710 16.46 16.60 16.23 16.59 7862593
20130711 16.70 16.71 16.50 16.67 7114631
20130712 16.68 16.73 16.58 16.72 6199421
20130715 16.72 16.96 16.69 16.72 7472838
20130716 16.76 16.80 16.64 16.66 6455462
20130717 16.70 16.70 16.54 16.69 5062643
20130718 16.69 16.86 16.63 16.67 4432098
20130719 16.61 16.66 16.28 16.58 6851068
20130722 16.59 16.85 16.55 16.70 7641756
20130723 16.70 16.72 16.61 16.64 3973500
20130724 16.72 16.81 16.62 16.69 6258443
20130725 16.57 16.66 16.40 16.43 6188452
20130726 16.37 16.43 16.13 16.24 7709031
20130729 16.24 16.34 16.18 16.25 7653039
20130730 16.78 17.81 16.56 16.99 20658712
20130731 17.10 17.49 17.10 17.19 18239636
20130801 17.33 17.64 17.31 17.37 12352146
20130802 17.38 17.55 17.30 17.53 4306532
20130805 17.45 17.59 17.38 17.52 4150880
20130806 17.52 17.62 17.44 17.60 3681001
20130807 17.54 17.54 17.35 17.53 2531583
20130808 17.61 17.71 17.42 17.58 3551883
20130809 17.56 17.78 17.51 17.67 3142697
20130812 17.63 17.77 17.57 17.66 2958423
20130813 17.66 17.90 17.61 17.85 3203913
20130814 17.39 17.68 17.37 17.66 4577094
20130815 17.49 17.58 17.40 17.42 4545441
20130816 17.36 17.61 17.31 17.47 4686990
20130819 17.42 17.50 17.02 17.04 5371961
20130820 17.07 17.37 17.04 17.28 7970923
20130821 17.22 17.34 17.06 17.09 3406156
20130822 17.11 17.44 17.08 17.40 3024966
20130823 17.49 17.56 17.38 17.52 3860575
20130826 17.50 17.60 17.42 17.44 2255797
20130827 17.23 17.26 16.90 16.90 4254509
20130828 16.90 17.15 16.90 17.03 3409081
20130829 16.98 17.23 16.98 17.11 2935963
20130830 17.11 17.11 16.70 16.78 3844383
20130903 17.01 17.11 16.69 16.78 4161536
20130904 16.78 17.06 16.75 17.04 3340239
20130905 17.01 17.31 17.01 17.26 4776829
20130906 17.32 17.45 17.02 17.29 5816456
20130909 17.36 17.63 17.35 17.57 4285221
20130910 17.64 17.82 17.62 17.77 4915766
20130911 17.76 18.12 17.76 18.09 6442091
20130912 18.08 18.15 17.81 17.83 5386866
20130913 17.86 17.96 17.70 17.74 3467373
20130916 18.06 18.29 17.97 18.06 6381843
20130917 18.04 18.17 18.02 18.15 3631750
20130918 18.15 18.22 17.92 18.17 3278195
20130919 18.15 18.42 18.09 18.15 3750051
20130920 18.18 18.20 17.95 17.96 3448694
20130923 18.00 18.05 17.84 17.96 3518118
20130924 18.00 18.14 17.85 18.04 3919617
20130925 18.00 18.17 17.80 17.84 6470258
20130926 17.85 17.99 17.81 17.92 4802000
20130927 17.85 17.99 17.77 17.96 4783114
20130930 17.85 18.04 17.81 17.98 4423539
20131001 17.98 18.11 17.93 18.02 5873355
20131002 17.97 18.16 17.94 18.01 7929412
20131003 17.93 18.08 17.73 17.97 7660640
20131004 17.93 18.16 17.75 18.10 6328192
20131007 17.94 17.99 17.80 17.83 5413328
20131008 17.86 17.90 17.53 17.57 6494126
20131009 17.55 17.63 17.16 17.30 8749843
20131010 17.46 17.71 17.45 17.71 4063862
20131011 17.68 17.88 17.68 17.74 4278672
20131014 17.71 18.04 17.68 18.00 4024013
20131015 18.00 18.05 17.70 17.85 5676289
20131016 17.98 17.99 17.68 17.91 5369121
20131017 17.86 17.89 17.55 17.64 6919388
20131018 17.63 18.02 17.62 17.98 8509712
20131021 18.02 18.25 18.02 18.24 8071997
20131022 18.29 18.52 18.25 18.44 5357498
20131023 18.38 18.59 18.21 18.55 7181000
20131024 18.47 18.73 18.46 18.67 5194367
20131025 18.71 18.71 18.40 18.59 4187559
20131028 18.62 18.79 18.50 18.60 7292556
20131029 18.64 18.67 18.46 18.54 7126727
20131030 15.16 16.66 14.95 16.24 57259132
20131031 16.37 16.44 16.11 16.40 17887072
20131101 16.47 17.08 16.47 16.84 12411583
20131104 16.90 17.11 16.57 16.61 8014299
20131105 16.56 16.73 16.34 16.64 7003444
20131106 16.65 16.76 16.56 16.61 8409259
20131107 16.68 16.81 16.56 16.76 10222799
20131108 16.74 16.86 16.49 16.58 10281846
20131111 16.58 16.68 16.48 16.62 4055248
20131112 16.89 16.90 16.67 16.84 5685836
20131113 16.82 16.96 16.77 16.87 6359739
20131114 16.92 16.97 16.72 16.82 4687435
20131115 16.80 16.82 15.63 16.09 30331550
20131118 16.22 16.32 15.98 16.11 11682058
20131119 16.17 16.21 15.96 15.99 11871548
20131120 16.04 16.17 15.78 15.80 7736809
20131121 15.87 16.16 15.76 16.05 11861378
20131122 16.12 16.28 16.03 16.23 7750092
20131125 16.23 16.24 16.04 16.06 6168382
20131126 16.07 16.27 16.06 16.18 5615582
20131127 16.12 16.32 16.05 16.21 4933792
20131129 16.18 16.32 16.03 16.06 2958885
20131202 16.13 16.29 16.01 16.08 6674172
20131203 16.03 16.31 16.00 16.26 10267733
20131204 16.15 16.30 16.01 16.07 11139013
20131205 16.03 16.06 15.82 15.84 10021479
20131206 15.95 16.18 15.88 16.16 4852019
20131209 16.17 16.25 16.04 16.10 3676269
20131210 16.08 16.30 16.08 16.20 4547445
20131211 16.21 16.25 15.91 15.98 7900667
20131212 15.92 16.24 15.86 16.15 6345730
20131213 16.13 16.16 15.82 15.89 8812303
20131216 15.99 16.12 15.94 15.98 3318738
20131217 15.98 16.09 15.90 15.99 3490128
20131218 16.28 16.50 16.13 16.50 7429230
20131219 16.22 16.57 16.18 16.39 7156591
20131220 16.40 16.61 16.07 16.51 7711036
20131223 16.63 16.64 16.46 16.58 2962051
20131224 16.57 16.69 16.46 16.68 1424170
20131226 16.73 16.81 16.53 16.74 4281059
20131227 16.76 16.84 16.63 16.70 2037324
20131230 16.75 16.80 16.58 16.74 3158265
20131231 16.75 16.85 16.60 16.75 2969364
20140102 16.72 16.75 16.47 16.53 5704097
20140103 16.57 16.65 16.36 16.43 4349142
20140106 16.50 16.64 16.43 16.56 5522406
20140107 16.57 17.04 16.54 16.93 10087537
20140108 17.06 17.31 16.84 16.91 10752088
20140109 17.00 17.04 16.54 16.56 7219421
20140110 16.62 16.64 16.21 16.28 7422638
20140113 16.29 16.34 15.90 15.90 6547145
20140114 15.77 16.07 15.72 16.04 12120226
20140115 15.99 16.28 15.85 16.20 8263936
20140116 16.23 16.28 16.13 16.23 4880927
20140117 16.22 16.49 15.93 15.97 5962728
20140121 16.03 16.03 15.66 15.70 6906921
20140122 15.72 15.87 15.61 15.84 5598419
20140123 15.74 15.74 15.57 15.65 6103012
20140124 15.59 15.62 15.28 15.28 7975332
20140127 15.32 15.37 14.84 15.05 7356410
20140128 15.14 15.52 15.10 15.44 7973375
20140129 15.25 15.37 15.04 15.08 7725765
20140130 15.25 15.31 15.13 15.21 5352766
20140131 15.02 15.17 14.93 14.95 6291707
20140203 14.98 15.06 14.70 14.71 9638357
20140204 14.74 14.84 14.65 14.79 15079599
20140205 14.73 14.84 14.56 14.77 10642393
20140206 14.81 14.98 14.76 14.86 6771992
20140207 14.92 15.20 14.89 15.17 5276959
20140210 15.16 15.28 15.05 15.18 4952305
20140211 15.16 15.55 15.15 15.42 10659491
20140212 16.02 16.50 15.68 15.86 18465698
20140213 15.70 15.80 15.62 15.65 8094811
20140214 15.67 15.84 15.60 15.79 4922436
20140218 15.82 15.93 15.71 15.75 6108574
20140219 15.71 15.84 15.55 15.58 8064014
20140220 15.64 15.67 15.40 15.52 5429810
20140221 15.56 15.71 15.49 15.57 5080333
20140224 15.58 16.04 15.58 15.87 6527987
20140225 15.80 15.82 15.42 15.65 9268178
20140226 15.71 16.05 15.71 15.91 8147753
20140227 15.74 16.16 15.63 16.13 7934338
20140228 16.26 16.34 16.11 16.24 9290117
20140303 16.06 16.21 15.94 16.11 11382134
20140304 16.28 16.34 16.17 16.27 5430531
20140305 16.26 16.45 16.24 16.37 5569889
20140306 16.42 16.49 16.29 16.30 4849306
20140307 16.41 16.58 16.21 16.23 9215854
20140310 16.22 16.39 16.19 16.25 5129773
20140311 16.27 16.57 16.26 16.35 8456441
20140312 16.26 16.32 16.10 16.17 4638158
20140313 16.18 16.18 15.68 15.72 8281938
20140314 15.75 15.90 15.47 15.58 9236114
20140317 15.76 15.93 15.62 15.88 4301566
20140318 15.86 16.08 15.81 16.08 3533747
20140319 16.12 16.19 15.86 15.96 4197398
20140320 15.89 16.14 15.85 16.14 3264381
20140321 16.16 16.17 15.80 15.85 7157963
20140324 15.95 16.16 15.83 16.09 6267371
20140325 16.21 16.24 15.93 15.99 5037184
20140326 16.07 16.18 15.63 15.65 4876587
20140327 15.53 16.02 15.51 15.97 5423087
20140328 16.02 16.09 15.82 15.86 3789823
20140331 15.92 16.06 15.91 16.00 3598149
20140401 16.05 16.42 16.02 16.40 5078074
20140402 16.40 16.54 16.30 16.42 4196273
20140403 16.29 16.47 16.13 16.17 6111476
20140404 16.24 16.32 15.99 16.02 8068490
20140407 16.01 16.03 15.51 15.66 8446930
20140408 15.69 15.79 15.62 15.77 8062663
20140409 15.87 16.16 15.87 16.04 7893990
20140410 16.07 16.30 15.65 15.70 11087119
20140411 15.61 15.77 15.44 15.45 13208819
20140414 15.51 15.64 15.35 15.50 5702368
20140415 15.55 15.66 15.19 15.41 8538320
20140416 15.56 15.71 15.41 15.70 8731731
20140417 14.33 15.18 14.28 14.92 20019112
20140421 14.97 15.17 14.97 15.15 8257608
20140422 15.23 15.37 15.19 15.32 5952106
20140423 15.27 15.46 15.20 15.40 4331620
20140424 15.45 15.51 15.28 15.47 4189628
20140425 15.35 15.39 15.21 15.21 4726008
20140428 15.32 15.37 15.12 15.29 5657286
20140429 15.36 15.45 15.13 15.31 3537631
20140430 15.33 15.55 15.27 15.52 5564363
20140501 15.57 15.70 15.45 15.50 7230441
20140502 16.02 16.09 15.72 15.95 9315953
20140505 15.83 16.02 15.71 15.92 6718187
20140506 15.87 16.00 15.76 15.78 5517748
20140507 15.85 15.92 15.60 15.92 7697307
20140508 15.89 16.19 15.82 15.90 4358097
20140509 15.89 16.01 15.84 15.99 2818778
20140512 16.04 16.21 15.99 16.13 3757213
20140513 16.14 16.18 15.67 16.02 3848909
20140514 16.05 16.06 15.64 15.65 5959671
20140515 15.67 15.73 15.53 15.68 3742083
20140516 15.55 15.57 15.40 15.55 4183801
20140519 15.50 15.71 15.48 15.69 2930920
20140520 15.71 15.76 15.35 15.38 5447110
20140521 15.47 15.52 15.24 15.28 8847860
20140522 15.27 15.42 15.22 15.40 8657720
20140523 15.42 15.46 15.32 15.43 4763320
20140527 15.48 15.55 15.35 15.44 6035625
20140528 15.46 15.60 15.43 15.52 5063047
20140529 15.60 15.68 15.55 15.68 6236703
20140530 15.71 15.84 15.67 15.82 7409848
20140602 15.85 15.86 15.63 15.67 6048403
20140603 15.60 15.65 15.50 15.61 3629430
20140604 15.59 15.97 15.55 15.91 7429884
20140605 15.91 15.92 15.73 15.90 5672416
20140606 15.96 16.05 15.84 15.91 4517160
20140609 15.94 16.19 15.93 16.10 6844641
20140610 16.08 16.19 15.96 16.17 5287637
20140611 16.14 16.17 15.95 15.99 4078202
20140612 16.04 16.04 15.72 15.75 3785601
20140613 15.81 15.90 15.77 15.86 2728956
20140616 15.82 15.92 15.76 15.77 2533980
20140617 15.71 16.10 15.71 16.03 4216841
20140618 16.02 16.19 15.86 16.17 5780809
20140619 16.20 16.27 16.09 16.14 3902363
20140620 16.19 16.35 16.13 16.28 6802659
20140623 16.27 16.49 16.22 16.46 4032719
20140624 16.45 16.65 16.35 16.46 5711117
20140625 16.41 16.55 16.34 16.54 4847724
20140626 16.53 16.79 16.49 16.76 10649735
20140627 16.73 17.05 16.69 17.00 18366914
20140630 17.00 17.13 16.96 17.09 8711639
20140701 17.13 17.19 17.02 17.13 4864056
20140702 17.16 17.24 16.99 17.06 4978790
20140703 17.07 17.16 17.02 17.14 1396484
20140707 17.15 17.21 17.05 17.21 3972360
20140708 17.03 17.22 16.99 17.08 7832624
20140709 17.10 17.25 17.07 17.14 3962723
20140710 16.95 17.11 16.91 17.05 3864727
20140711 17.07 17.52 17.01 17.48 9590351
20140714 17.56 17.56 17.21 17.21 4217044
20140715 17.18 17.21 16.96 17.03 7838305
20140716 17.17 17.39 17.12 17.32 6781457
20140717 17.21 17.43 17.03 17.08 4578186
20140718 17.15 17.29 17.08 17.27 3091823
20140721 17.24 17.29 17.15 17.27 2727231
20140722 17.30 17.44 17.26 17.34 2748230
20140723 17.39 17.44 17.25 17.37 2937018
20140724 17.44 17.51 17.37 17.46 3622174
20140725 17.41 17.41 17.21 17.27 2554370
20140728 17.27 17.37 17.17 17.32 3219237
20140729 17.28 17.39 17.23 17.26 3804977
20140730 17.29 17.52 17.27 17.42 4870042
20140731 17.37 17.45 17.17 17.22 6503499
20140801 17.34 17.34 16.52 16.54 13696516
20140804 16.61 16.85 16.45 16.78 11192462
20140805 16.66 16.83 16.57 16.67 5177925
20140806 16.60 16.83 16.60 16.77 4988529
20140807 16.80 16.84 16.44 16.66 9584163
20140808 16.70 16.96 16.57 16.76 12303887
20140811 16.81 17.03 16.76 16.96 5990089
20140812 16.91 17.01 16.77 16.86 3270365
20140813 16.97 17.16 16.93 17.16 3548931
20140814 17.17 17.20 16.99 17.10 2527082
20140815 17.16 17.20 16.96 17.08 3347970
20140818 17.16 17.34 17.15 17.29 3417865
20140819 17.29 17.38 17.27 17.31 3259206
20140820 17.31 17.45 17.25 17.42 3339347
20140821 17.47 17.55 17.35 17.49 3002146
20140822 17.37 17.43 17.20 17.25 4916503
20140825 17.34 17.35 17.15 17.23 4064066
20140826 17.28 17.34 17.25 17.28 6101069
20140827 17.31 17.31 17.23 17.28 2889948
20140828 17.24 17.31 17.21 17.24 4301649
20140829 17.25 17.28 17.19 17.22 4067819
20140902 17.24 17.30 17.13 17.21 6147227
20140903 17.24 17.32 17.18 17.24 5989481
20140904 17.23 17.28 17.13 17.23 4352472
20140905 17.21 17.30 17.11 17.29 3733053
20140908 17.18 17.29 17.03 17.07 3649767
20140909 17.08 17.09 16.83 16.83 4989949
20140910 16.89 17.01 16.80 16.97 3358114
20140911 16.93 16.98 16.73 16.77 4615449
20140912 16.76 16.83 16.62 16.66 4789976
20140915 16.65 16.77 16.56 16.70 2679035
20140916 16.62 16.65 16.45 16.61 4471537
20140917 16.58 16.93 16.52 16.83 6302308
20140918 16.88 16.95 16.44 16.73 7375050
20140919 16.72 16.76 16.50 16.60 5581138
20140922 16.60 16.64 16.36 16.37 3148435
20140923 16.32 16.36 16.12 16.15 5167631
20140924 16.14 16.33 16.11 16.31 3478455
20140925 16.25 16.30 16.13 16.13 4066086
20140926 16.13 16.27 16.09 16.24 2371976
20140929 16.08 16.16 16.02 16.06 3444114
20140930 16.01 16.06 15.86 15.93 4588660
20141001 15.89 16.00 15.69 15.82 6567371
20141002 15.76 16.01 15.66 15.98 6216706
20141003 16.10 16.15 16.02 16.13 4172635
20141006 16.15 16.34 16.08 16.14 4088947
20141007 16.05 16.11 15.86 15.88 6899808
20141008 15.87 16.24 15.82 16.22 5316981
20141009 16.22 16.22 15.64 15.70 5218186
20141010 15.69 16.33 15.50 15.56 6534440
20141013 15.54 15.65 15.32 15.38 5301371
20141014 15.48 15.77 15.36 15.60 5094517
20141015 15.35 15.80 15.21 15.73 7131235
20141016 15.44 15.76 15.44 15.73 5165818
20141017 15.85 16.02 15.66 15.80 4059339
20141020 15.73 16.05 15.70 16.04 5849021
20141021 16.09 16.44 16.05 16.43 5809946
20141022 16.43 16.51 16.09 16.11 6867380
20141023 16.24 16.37 16.24 16.29 6518024
20141024 16.27 16.37 16.20 16.35 3648047
20141027 16.37 16.37 16.17 16.24 3135242
20141028 16.28 16.36 16.21 16.36 6351050
20141029 16.40 16.43 16.18 16.31 4854529
20141030 16.23 16.62 16.23 16.58 6640082
20141031 17.18 17.21 16.78 16.84 15340751
20141103 16.87 17.40 16.82 16.98 12540766
20141104 16.97 17.17 16.95 17.06 8173060
20141105 17.14 17.43 17.11 17.42 6574522
20141106 17.43 17.86 17.42 17.82 8305592
20141107 17.80 18.00 17.65 17.75 7631150
20141110 17.79 18.15 17.76 18.15 8208308
20141111 18.17 18.25 18.06 18.18 6307847
20141112 18.12 18.42 18.01 18.26 6208347
20141113 18.33 18.35 17.85 18.00 8740851
20141114 17.98 18.05 17.92 17.98 5392612
20141117 17.95 18.10 17.82 18.07 4840128
20141118 18.09 18.26 17.99 18.00 5219294
20141119 18.02 18.30 17.95 18.08 7511912
20141120 18.05 18.29 18.03 18.15 4663184
20141121 18.26 18.33 18.03 18.10 5354746
20141124 18.20 18.23 18.05 18.10 4942850
20141125 18.13 18.30 18.09 18.16 4998643
20141126 18.14 18.25 18.06 18.15 2442371
20141128 18.27 18.53 18.18 18.45 3726398
20141201 18.40 18.40 18.02 18.02 5292710
20141202 18.09 18.22 18.07 18.15 4957957
20141203 18.19 18.36 18.14 18.35 5152323
20141204 18.36 18.40 18.28 18.34 3745935
20141205 18.34 18.48 18.31 18.37 3402219
20141208 18.29 18.47 18.10 18.14 3920563
20141209 17.98 18.22 17.89 18.21 6240272
20141210 18.21 18.22 17.68 17.73 6197068
20141211 17.79 18.22 17.59 17.66 7484922
20141212 17.40 17.60 17.02 17.02 6894800
20141215 17.13 17.24 16.97 17.08 6935300
20141216 17.03 17.26 16.95 16.95 6269900
20141217 16.98 17.53 16.96 17.47 5493600
20141218 17.73 17.78 17.47 17.78 4166700
20141219 17.83 18.06 17.75 18.00 7355000
20141222 18.01 18.11 17.96 18.05 2343900
20141223 18.15 18.23 18.07 18.12 2372400
20141224 18.11 18.17 18.01 18.07 1013100
20141226 18.10 18.22 18.09 18.09 1439000
20141229 18.06 18.16 18.02 18.04 1938200
20141230 18.03 18.07 17.98 18.01 1889600
20141231 18.02 18.10 17.90 17.91 3135400
